1.0 0.0
1.0 0.0005678591709256105
1.0 0.001135718341851221
1.0 0.0017035775127768314
1.0 0.002271436683702442
1.0 0.0028392958546280523
1.0 0.0034071550255536627
1.0 0.003975014196479273
1.0 0.004542873367404884
1.0 0.005110732538330494
1.0 0.0056785917092561046
1.0 0.006246450880181715
1.0 0.0068143100511073255
0.9230769230769231 0.0068143100511073255
0.8571428571428571 0.0068143100511073255
0.8666666666666667 0.0073821692220329355
0.875 0.007950028392958546
0.8823529411764706 0.008517887563884156
0.8888888888888888 0.009085746734809767
0.8421052631578947 0.009085746734809767
0.85 0.009653605905735378
0.8095238095238095 0.009653605905735378
0.7727272727272727 0.009653605905735378
0.782608695652174 0.010221465076660987
0.75 0.010221465076660987
0.76 0.010789324247586598
0.7692307692307693 0.011357183418512209
0.7777777777777778 0.01192504258943782
0.7857142857142857 0.01249290176036343
0.7931034482758621 0.01306076093128904
0.8 0.013628620102214651
0.8064516129032258 0.014196479273140262
0.8125 0.014764338444065871
0.8181818181818182 0.015332197614991482
0.8235294117647058 0.01590005678591709
0.8285714285714286 0.016467915956842702
0.8333333333333334 0.017035775127768313
0.8378378378378378 0.017603634298693924
0.8421052631578947 0.018171493469619535
0.8461538461538461 0.018739352640545145
0.85 0.019307211811470756
0.8292682926829268 0.019307211811470756
0.8333333333333334 0.019875070982396367
0.8372093023255814 0.020442930153321975
0.8409090909090909 0.021010789324247586
0.8444444444444444 0.021578648495173196
0.8478260869565217 0.022146507666098807
0.851063829787234 0.022714366837024418
0.8541666666666666 0.02328222600795003
0.8571428571428571 0.02385008517887564
0.86 0.02441794434980125
0.8431372549019608 0.02441794434980125
0.8461538461538461 0.02498580352072686
0.8490566037735849 0.02555366269165247
0.8518518518518519 0.02612152186257808
0.8545454545454545 0.02668938103350369
0.8571428571428571 0.027257240204429302
0.8596491228070176 0.027825099375354913
0.8620689655172413 0.028392958546280524
0.864406779661017 0.028960817717206135
0.8666666666666667 0.029528676888131742
0.8688524590163934 0.030096536059057353
0.8548387096774194 0.030096536059057353
0.8571428571428571 0.030664395229982964
0.859375 0.031232254400908575
0.8615384615384616 0.03180011357183418
0.8636363636363636 0.03236797274275979
0.8656716417910447 0.032935831913685404
0.8529411764705882 0.032935831913685404
0.8405797101449275 0.032935831913685404
0.8428571428571429 0.033503691084611015
0.8450704225352113 0.034071550255536626
0.8333333333333334 0.034071550255536626
0.821917808219178 0.034071550255536626
0.8108108108108109 0.034071550255536626
0.8133333333333334 0.034639409426462237
0.8157894736842105 0.03520726859738785
0.8181818181818182 0.03577512776831346
0.8205128205128205 0.03634298693923907
0.8227848101265823 0.03691084611016468
0.825 0.03747870528109029
0.8271604938271605 0.0380465644520159
0.8170731707317073 0.0380465644520159
0.8192771084337349 0.03861442362294151
0.8095238095238095 0.03861442362294151
0.8117647058823529 0.039182282793867124
0.813953488372093 0.039750141964792735
0.8160919540229885 0.04031800113571834
0.8181818181818182 0.04088586030664395
0.8202247191011236 0.04145371947756956
0.8222222222222222 0.04202157864849517
0.8241758241758241 0.04258943781942078
0.8260869565217391 0.04315729699034639
0.8279569892473119 0.043725156161272004
0.8297872340425532 0.044293015332197615
0.8315789473684211 0.044860874503123226
0.8333333333333334 0.045428733674048836
0.8247422680412371 0.045428733674048836
0.826530612244898 0.04599659284497445
0.8181818181818182 0.04599659284497445
0.81 0.04599659284497445
0.8118811881188119 0.04656445201590006
0.8137254901960784 0.04713231118682567
0.8155339805825242 0.04770017035775128
0.8076923076923077 0.04770017035775128
0.8095238095238095 0.04826802952867689
0.8113207547169812 0.0488358886996025
0.8130841121495327 0.049403747870528106
0.8055555555555556 0.049403747870528106
0.8073394495412844 0.04997160704145372
0.8090909090909091 0.05053946621237933
0.8108108108108109 0.05110732538330494
0.8125 0.05167518455423055
0.8141592920353983 0.05224304372515616
0.8157894736842105 0.05281090289608177
0.8173913043478261 0.05337876206700738
0.8189655172413793 0.05394662123793299
0.8205128205128205 0.054514480408858604
0.8220338983050848 0.055082339579784215
0.8151260504201681 0.055082339579784215
0.8166666666666667 0.055650198750709826
0.8181818181818182 0.056218057921635436
0.8114754098360656 0.056218057921635436
0.8130081300813008 0.05678591709256105
0.8145161290322581 0.05735377626348666
0.816 0.05792163543441227
0.8174603174603174 0.05848949460533787
0.8188976377952756 0.059057353776263484
0.8125 0.059057353776263484
0.813953488372093 0.059625212947189095
0.8153846153846154 0.060193072118114706
0.816793893129771 0.06076093128904032
0.8181818181818182 0.06132879045996593
0.8195488721804511 0.06189664963089154
0.8208955223880597 0.06246450880181715
0.8148148148148148 0.06246450880181715
0.8161764705882353 0.06303236797274275
0.8175182481751825 0.06360022714366836
0.8188405797101449 0.06416808631459398
0.8129496402877698 0.06416808631459398
0.8142857142857143 0.06473594548551959
0.8085106382978723 0.06473594548551959
0.8098591549295775 0.0653038046564452
0.8111888111888111 0.06587166382737081
0.8125 0.06643952299829642
0.8137931034482758 0.06700738216922203
0.8082191780821918 0.06700738216922203
0.8095238095238095 0.06757524134014764
0.8108108108108109 0.06814310051107325
0.8120805369127517 0.06871095968199886
0.8133333333333334 0.06927881885292447
0.8079470198675497 0.06927881885292447
0.8092105263157895 0.06984667802385008
0.8104575163398693 0.0704145371947757
0.8051948051948052 0.0704145371947757
0.8 0.0704145371947757
0.7948717948717948 0.0704145371947757
0.7961783439490446 0.0709823963657013
0.7911392405063291 0.0709823963657013
0.7861635220125787 0.0709823963657013
0.7875 0.07155025553662692
0.7888198757763976 0.07211811470755253
0.7901234567901234 0.07268597387847814
0.7914110429447853 0.07325383304940375
0.7926829268292683 0.07382169222032936
0.793939393939394 0.07438955139125497
0.7951807228915663 0.07495741056218058
0.7964071856287425 0.07552526973310619
0.7976190476190477 0.0760931289040318
0.7988165680473372 0.07666098807495741
0.8 0.07722884724588303
0.7953216374269005 0.07722884724588303
0.7965116279069767 0.07779670641680864
0.7976878612716763 0.07836456558773425
0.7988505747126436 0.07893242475865986
0.7942857142857143 0.07893242475865986
0.7954545454545454 0.07950028392958547
0.7966101694915254 0.08006814310051108
0.797752808988764 0.08063600227143668
0.7988826815642458 0.08120386144236229
0.8 0.0817717206132879
0.8011049723756906 0.08233957978421351
0.8021978021978022 0.08290743895513912
0.7978142076502732 0.08290743895513912
0.7989130434782609 0.08347529812606473
0.8 0.08404315729699034
0.8010752688172043 0.08461101646791595
0.8021390374331551 0.08517887563884156
0.8031914893617021 0.08574673480976717
0.8042328042328042 0.08631459398069279
0.8052631578947368 0.0868824531516184
0.806282722513089 0.08745031232254401
0.8072916666666666 0.08801817149346962
0.8082901554404145 0.08858603066439523
0.8092783505154639 0.08915388983532084
0.8051282051282052 0.08915388983532084
0.8010204081632653 0.08915388983532084
0.7969543147208121 0.08915388983532084
0.797979797979798 0.08972174900624645
0.7989949748743719 0.09028960817717206
0.8 0.09085746734809767
0.8009950248756219 0.09142532651902328
0.7970297029702971 0.09142532651902328
0.7931034482758621 0.09142532651902328
0.7892156862745098 0.09142532651902328
0.7853658536585366 0.09142532651902328
0.7815533980582524 0.09142532651902328
0.782608695652174 0.0919931856899489
0.7836538461538461 0.0925610448608745
0.784688995215311 0.09312890403180012
0.780952380952381 0.09312890403180012
0.7819905213270142 0.09369676320272573
0.7830188679245284 0.09426462237365134
0.784037558685446 0.09483248154457695
0.780373831775701 0.09483248154457695
0.7767441860465116 0.09483248154457695
0.7731481481481481 0.09483248154457695
0.7741935483870968 0.09540034071550256
0.7752293577981652 0.09596819988642817
0.771689497716895 0.09596819988642817
0.7727272727272727 0.09653605905735378
0.7737556561085973 0.09710391822827939
0.7747747747747747 0.097671777399205
0.7757847533632287 0.0982396365701306
0.7767857142857143 0.09880749574105621
0.7777777777777778 0.09937535491198182
0.7743362831858407 0.09937535491198182
0.775330396475771 0.09994321408290743
0.7763157894736842 0.10051107325383304
0.777292576419214 0.10107893242475866
0.7782608695652173 0.10164679159568427
0.7748917748917749 0.10164679159568427
0.7758620689655172 0.10221465076660988
0.776824034334764 0.10278250993753549
0.7735042735042735 0.10278250993753549
0.774468085106383 0.1033503691084611
0.7754237288135594 0.10391822827938671
0.7763713080168776 0.10448608745031232
0.7773109243697479 0.10505394662123793
0.7782426778242678 0.10562180579216354
0.7791666666666667 0.10618966496308915
0.7800829875518672 0.10675752413401476
0.78099173553719 0.10732538330494037
0.7818930041152263 0.10789324247586599
0.7786885245901639 0.10789324247586599
0.7795918367346939 0.1084611016467916
0.7804878048780488 0.10902896081771721
0.7813765182186235 0.10959681998864282
0.7782258064516129 0.10959681998864282
0.7791164658634538 0.11016467915956843
0.78 0.11073253833049404
0.7808764940239044 0.11130039750141965
0.7817460317460317 0.11186825667234526
0.782608695652174 0.11243611584327087
0.7834645669291339 0.11300397501419648
0.7803921568627451 0.11300397501419648
0.78125 0.1135718341851221
0.7782101167315175 0.1135718341851221
0.7751937984496124 0.1135718341851221
0.7722007722007722 0.1135718341851221
0.7730769230769231 0.1141396933560477
0.7739463601532567 0.11470755252697332
0.7748091603053435 0.11527541169789893
0.7756653992395437 0.11584327086882454
0.7765151515151515 0.11641113003975014
0.7773584905660378 0.11697898921067575
0.7781954887218046 0.11754684838160136
0.7790262172284644 0.11811470755252697
0.7761194029850746 0.11811470755252697
0.7769516728624535 0.11868256672345258
0.7777777777777778 0.11925042589437819
0.7785977859778598 0.1198182850653038
0.7794117647058824 0.12038614423622941
0.7802197802197802 0.12095400340715502
0.7773722627737226 0.12095400340715502
0.7781818181818182 0.12152186257808063
0.7789855072463768 0.12208972174900624
0.779783393501805 0.12265758091993186
0.7805755395683454 0.12322544009085747
0.7777777777777778 0.12322544009085747
0.7785714285714286 0.12379329926178308
0.7793594306049823 0.12436115843270869
0.776595744680851 0.12436115843270869
0.7773851590106007 0.1249290176036343
0.7746478873239436 0.1249290176036343
0.7719298245614035 0.1249290176036343
0.7727272727272727 0.1254968767745599
0.7735191637630662 0.1260647359454855
0.7708333333333334 0.1260647359454855
0.7681660899653979 0.1260647359454855
0.7689655172413793 0.12663259511641112
0.7697594501718213 0.12720045428733673
0.7705479452054794 0.12776831345826234
0.7713310580204779 0.12833617262918795
0.7687074829931972 0.12833617262918795
0.7694915254237288 0.12890403180011356
0.7702702702702703 0.12947189097103917
0.7710437710437711 0.13003975014196478
0.7718120805369127 0.1306076093128904
0.7725752508361204 0.131175468483816
0.77 0.131175468483816
0.770764119601329 0.13174332765474162
0.7715231788079471 0.13231118682566723
0.7722772277227723 0.13287904599659284
0.7697368421052632 0.13287904599659284
0.7672131147540984 0.13287904599659284
0.7647058823529411 0.13287904599659284
0.7654723127035831 0.13344690516751845
0.762987012987013 0.13344690516751845
0.7637540453074434 0.13401476433844406
0.7612903225806451 0.13401476433844406
0.7620578778135049 0.13458262350936967
0.7596153846153846 0.13458262350936967
0.7603833865814696 0.13515048268029528
0.7579617834394905 0.13515048268029528
0.7587301587301587 0.1357183418512209
0.759493670886076 0.1362862010221465
0.7570977917981072 0.1362862010221465
0.7578616352201258 0.1368540601930721
0.7586206896551724 0.13742191936399772
0.759375 0.13798977853492334
0.7570093457943925 0.13798977853492334
0.7546583850931677 0.13798977853492334
0.7554179566563467 0.13855763770584895
0.7561728395061729 0.13912549687677456
0.7569230769230769 0.13969335604770017
0.7576687116564417 0.14026121521862578
0.7584097859327217 0.1408290743895514
0.7560975609756098 0.1408290743895514
0.7537993920972644 0.1408290743895514
0.7545454545454545 0.141396933560477
0.7522658610271903 0.141396933560477
0.75 0.141396933560477
0.7507507507507507 0.1419647927314026
0.7514970059880239 0.14253265190232822
0.7522388059701492 0.14310051107325383
0.75 0.14310051107325383
0.7477744807121661 0.14310051107325383
0.7485207100591716 0.14366837024417944
0.7492625368731564 0.14423622941510506
0.75 0.14480408858603067
0.7478005865102639 0.14480408858603067
0.7485380116959064 0.14537194775695628
0.749271137026239 0.1459398069278819
0.75 0.1465076660988075
0.7507246376811594 0.1470755252697331
0.7514450867052023 0.14764338444065872
0.7521613832853026 0.14821124361158433
0.75 0.14821124361158433
0.7507163323782235 0.14877910278250994
0.7514285714285714 0.14934696195343555
0.7492877492877493 0.14934696195343555
0.75 0.14991482112436116
0.7478753541076487 0.14991482112436116
0.7457627118644068 0.14991482112436116
0.7436619718309859 0.14991482112436116
0.7415730337078652 0.14991482112436116
0.7394957983193278 0.14991482112436116
0.7374301675977654 0.14991482112436116
0.7353760445682451 0.14991482112436116
0.7361111111111112 0.15048268029528677
0.7368421052631579 0.15105053946621239
0.7375690607734806 0.151618398637138
0.7355371900826446 0.151618398637138
0.7335164835164835 0.151618398637138
0.7315068493150685 0.151618398637138
0.7295081967213115 0.151618398637138
0.7275204359673024 0.151618398637138
0.7282608695652174 0.1521862578080636
0.7262872628726287 0.1521862578080636
0.7243243243243244 0.1521862578080636
0.7223719676549866 0.1521862578080636
0.7204301075268817 0.1521862578080636
0.7184986595174263 0.1521862578080636
0.7165775401069518 0.1521862578080636
0.7146666666666667 0.1521862578080636
0.7154255319148937 0.15275411697898922
0.713527851458886 0.15275411697898922
0.7142857142857143 0.15332197614991483
0.712401055408971 0.15332197614991483
0.7131578947368421 0.15388983532084044
0.7112860892388452 0.15388983532084044
0.7120418848167539 0.15445769449176605
0.7101827676240209 0.15445769449176605
0.7083333333333334 0.15445769449176605
0.7090909090909091 0.15502555366269166
0.7098445595854922 0.15559341283361727
0.710594315245478 0.15616127200454288
0.711340206185567 0.1567291311754685
0.7095115681233933 0.1567291311754685
0.7102564102564103 0.1572969903463941
0.710997442455243 0.15786484951731972
0.7117346938775511 0.15843270868824533
0.7099236641221374 0.15843270868824533
0.7106598984771574 0.15900056785917094
0.7088607594936709 0.15900056785917094
0.7070707070707071 0.15900056785917094
0.7052896725440806 0.15900056785917094
0.7060301507537688 0.15956842703009655
0.7042606516290727 0.15956842703009655
0.705 0.16013628620102216
0.7057356608478803 0.16070414537194777
0.7039800995024875 0.16070414537194777
0.7047146401985112 0.16127200454287335
0.7054455445544554 0.16183986371379896
0.7037037037037037 0.16183986371379896
0.7019704433497537 0.16183986371379896
0.7027027027027027 0.16240772288472458
0.7034313725490197 0.1629755820556502
0.7017114914425427 0.1629755820556502
0.7024390243902439 0.1635434412265758
0.7007299270072993 0.1635434412265758
0.6990291262135923 0.1635434412265758
0.6973365617433414 0.1635434412265758
0.6980676328502415 0.1641113003975014
0.6987951807228916 0.16467915956842702
0.6995192307692307 0.16524701873935263
0.697841726618705 0.16524701873935263
0.6985645933014354 0.16581487791027824
0.6992840095465394 0.16638273708120385
0.7 0.16695059625212946
0.7007125890736342 0.16751845542305507
0.6990521327014217 0.16751845542305507
0.6973995271867612 0.16751845542305507
0.6957547169811321 0.16751845542305507
0.6941176470588235 0.16751845542305507
0.6948356807511737 0.16808631459398068
0.6932084309133489 0.16808631459398068
0.6939252336448598 0.1686541737649063
0.6923076923076923 0.1686541737649063
0.6930232558139535 0.1692220329358319
0.691415313225058 0.1692220329358319
0.6921296296296297 0.16978989210675752
0.6905311778290993 0.16978989210675752
0.6889400921658986 0.16978989210675752
0.6873563218390805 0.16978989210675752
0.6857798165137615 0.16978989210675752
0.6864988558352403 0.17035775127768313
0.6872146118721462 0.17092561044860874
0.6879271070615034 0.17149346961953435
0.6886363636363636 0.17206132879045996
0.6870748299319728 0.17206132879045996
0.6855203619909502 0.17206132879045996
0.6862302483069977 0.17262918796138557
0.6846846846846847 0.17262918796138557
0.6853932584269663 0.17319704713231118
0.6838565022421524 0.17319704713231118
0.6845637583892618 0.1737649063032368
0.6852678571428571 0.1743327654741624
0.6859688195991092 0.17490062464508802
0.6844444444444444 0.17490062464508802
0.6829268292682927 0.17490062464508802
0.6836283185840708 0.17546848381601363
0.6843267108167771 0.17603634298693924
0.6850220264317181 0.17660420215786485
0.6857142857142857 0.17717206132879046
0.6864035087719298 0.17773992049971607
0.687089715536105 0.17830777967064168
0.6877729257641921 0.1788756388415673
0.6884531590413944 0.1794434980124929
0.6869565217391305 0.1794434980124929
0.6854663774403471 0.1794434980124929
0.683982683982684 0.1794434980124929
0.6846652267818575 0.1800113571834185
0.6853448275862069 0.18057921635434412
0.6860215053763441 0.18114707552526974
0.6845493562231759 0.18114707552526974
0.683083511777302 0.18114707552526974
0.6837606837606838 0.18171493469619535
0.6844349680170576 0.18228279386712096
0.6851063829787234 0.18285065303804657
0.6857749469214437 0.18341851220897218
0.6864406779661016 0.1839863713798978
0.6849894291754757 0.1839863713798978
0.6856540084388185 0.1845542305508234
0.6842105263157895 0.1845542305508234
0.6827731092436975 0.1845542305508234
0.6813417190775681 0.1845542305508234
0.6820083682008368 0.185122089721749
0.6826722338204593 0.18568994889267462
0.6833333333333333 0.18625780806360023
0.681912681912682 0.18625780806360023
0.6804979253112033 0.18625780806360023
0.6790890269151139 0.18625780806360023
0.6797520661157025 0.18682566723452584
0.6783505154639176 0.18682566723452584
0.676954732510288 0.18682566723452584
0.675564681724846 0.18682566723452584
0.6741803278688525 0.18682566723452584
0.6748466257668712 0.18739352640545145
0.673469387755102 0.18739352640545145
0.6720977596741344 0.18739352640545145
0.6727642276422764 0.18796138557637707
0.6713995943204868 0.18796138557637707
0.6720647773279352 0.18852924474730268
0.6707070707070707 0.18852924474730268
0.6693548387096774 0.18852924474730268
0.670020120724346 0.1890971039182283
0.6686746987951807 0.1890971039182283
0.6673346693386774 0.1890971039182283
0.668 0.1896649630891539
0.6666666666666666 0.1896649630891539
0.6673306772908366 0.1902328222600795
0.6660039761431411 0.1902328222600795
0.6646825396825397 0.1902328222600795
0.6653465346534654 0.19080068143100512
0.6640316205533597 0.19080068143100512
0.6646942800788954 0.19136854060193073
0.6653543307086615 0.19193639977285634
0.6660117878192534 0.19250425894378195
0.6666666666666666 0.19307211811470756
0.6673189823874756 0.19363997728563317
0.66796875 0.19420783645655879
0.6666666666666666 0.19420783645655879
0.6673151750972762 0.1947756956274844
0.6660194174757281 0.1947756956274844
0.6647286821705426 0.1947756956274844
0.6653771760154739 0.19534355479841
0.666023166023166 0.19591141396933562
0.6666666666666666 0.1964792731402612
0.6673076923076923 0.1970471323111868
0.6660268714011516 0.1970471323111868
0.6647509578544061 0.1970471323111868
0.6634799235181644 0.1970471323111868
0.6622137404580153 0.1970471323111868
0.660952380952381 0.1970471323111868
0.6596958174904943 0.1970471323111868
0.6603415559772297 0.19761499148211242
0.6590909090909091 0.19761499148211242
0.6597353497164461 0.19818285065303803
0.660377358490566 0.19875070982396364
0.6610169491525424 0.19931856899488926
0.6597744360902256 0.19931856899488926
0.6585365853658537 0.19931856899488926
0.6573033707865169 0.19931856899488926
0.6579439252336449 0.19988642816581487
0.6585820895522388 0.20045428733674048
0.659217877094972 0.2010221465076661
0.6598513011152416 0.2015900056785917
0.6586270871985158 0.2015900056785917
0.6574074074074074 0.2015900056785917
0.6580406654343808 0.2021578648495173
0.6568265682656826 0.2021578648495173
0.6574585635359116 0.20272572402044292
0.65625 0.20272572402044292
0.655045871559633 0.20272572402044292
0.6538461538461539 0.20272572402044292
0.6526508226691042 0.20272572402044292
0.6532846715328468 0.20329358319136853
0.6539162112932605 0.20386144236229414
0.6527272727272727 0.20386144236229414
0.6533575317604355 0.20442930153321975
0.6521739130434783 0.20442930153321975
0.650994575045208 0.20442930153321975
0.6498194945848376 0.20442930153321975
0.6504504504504505 0.20499716070414536
0.6510791366906474 0.20556501987507098
0.651705565529623 0.2061328790459966
0.6523297491039427 0.2067007382169222
0.6511627906976745 0.2067007382169222
0.65 0.2067007382169222
0.6488413547237076 0.2067007382169222
0.6494661921708185 0.2072685973878478
0.6483126110124334 0.2072685973878478
0.6471631205673759 0.2072685973878478
0.6460176991150443 0.2072685973878478
0.6466431095406361 0.20783645655877342
0.6472663139329806 0.20840431572969903
0.647887323943662 0.20897217490062464
0.6467486818980668 0.20897217490062464
0.6456140350877193 0.20897217490062464
0.6462346760070052 0.20954003407155025
0.6468531468531469 0.21010789324247586
0.6457242582897034 0.21010789324247586
0.6463414634146342 0.21067575241340147
0.6452173913043479 0.21067575241340147
0.6440972222222222 0.21067575241340147
0.6447140381282496 0.21124361158432708
0.6453287197231834 0.2118114707552527
0.6459412780656304 0.2123793299261783
0.6448275862068965 0.2123793299261783
0.6437177280550774 0.2123793299261783
0.6426116838487973 0.2123793299261783
0.6415094339622641 0.2123793299261783
0.6421232876712328 0.21294718909710392
0.6427350427350428 0.21351504826802953
0.643344709897611 0.21408290743895514
0.6439522998296422 0.21465076660988075
0.6445578231292517 0.21521862578080636
0.6434634974533107 0.21521862578080636
0.6423728813559322 0.21521862578080636
0.6412859560067682 0.21521862578080636
0.6402027027027027 0.21521862578080636
0.6408094435075885 0.21578648495173197
0.6397306397306397 0.21578648495173197
0.6403361344537815 0.21635434412265758
0.639261744966443 0.21635434412265758
0.6381909547738693 0.21635434412265758
0.6387959866220736 0.2169222032935832
0.6393989983305509 0.2174900624645088
0.64 0.21805792163543442
0.6389351081530782 0.21805792163543442
0.6395348837209303 0.21862578080636003
0.6401326699834162 0.21919363997728564
0.6390728476821192 0.21919363997728564
0.6380165289256199 0.21919363997728564
0.636963696369637 0.21919363997728564
0.6359143327841845 0.21919363997728564
0.6348684210526315 0.21919363997728564
0.6354679802955665 0.21976149914821125
0.6360655737704918 0.22032935831913686
0.6366612111292962 0.22089721749006247
0.6372549019607843 0.22146507666098808
0.636215334420881 0.22146507666098808
0.6368078175895765 0.2220329358319137
0.6357723577235772 0.2220329358319137
0.6347402597402597 0.2220329358319137
0.6337115072933549 0.2220329358319137
0.6343042071197411 0.2226007950028393
0.6332794830371568 0.2226007950028393
0.632258064516129 0.2226007950028393
0.6328502415458938 0.2231686541737649
0.6334405144694534 0.22373651334469052
0.6324237560192616 0.22373651334469052
0.6314102564102564 0.22373651334469052
0.632 0.22430437251561613
0.6309904153354633 0.22430437251561613
0.6299840510366826 0.22430437251561613
0.6305732484076433 0.22487223168654175
0.6311605723370429 0.22544009085746736
0.6301587301587301 0.22544009085746736
0.6307448494453248 0.22600795002839297
0.629746835443038 0.22600795002839297
0.6303317535545023 0.22657580919931858
0.6293375394321766 0.22657580919931858
0.6299212598425197 0.2271436683702442
0.6289308176100629 0.2271436683702442
0.6295133437990581 0.2277115275411698
0.6285266457680251 0.2277115275411698
0.6291079812206573 0.2282793867120954
0.628125 0.2282793867120954
0.6287051482059283 0.22884724588302102
0.6292834890965732 0.22941510505394663
0.6283048211508554 0.22941510505394663
0.6273291925465838 0.22941510505394663
0.6263565891472869 0.22941510505394663
0.6253869969040248 0.22941510505394663
0.624420401854714 0.22941510505394663
0.6234567901234568 0.22941510505394663
0.6240369799691834 0.22998296422487224
0.6246153846153846 0.23055082339579785
0.6251920122887865 0.23111868256672347
0.6242331288343558 0.23111868256672347
0.6232771822358346 0.23111868256672347
0.6223241590214067 0.23111868256672347
0.6213740458015267 0.23111868256672347
0.6204268292682927 0.23111868256672347
0.6210045662100456 0.23168654173764908
0.6200607902735562 0.23168654173764908
0.6191198786039454 0.23168654173764908
0.6196969696969697 0.23225440090857466
0.6202723146747352 0.23282226007950027
0.620845921450151 0.23339011925042588
0.6214177978883861 0.2339579784213515
0.6219879518072289 0.2345258375922771
0.6210526315789474 0.2345258375922771
0.6201201201201201 0.2345258375922771
0.6191904047976012 0.2345258375922771
0.6182634730538922 0.2345258375922771
0.6188340807174888 0.23509369676320271
0.6194029850746269 0.23566155593412833
0.6199701937406855 0.23622941510505394
0.6190476190476191 0.23622941510505394
0.6196136701337296 0.23679727427597955
0.6201780415430267 0.23736513344690516
0.6192592592592593 0.23736513344690516
0.6183431952662722 0.23736513344690516
0.6174298375184638 0.23736513344690516
0.616519174041298 0.23736513344690516
0.6170839469808542 0.23793299261783077
0.6176470588235294 0.23850085178875638
0.618208516886931 0.239068710959682
0.6187683284457478 0.2396365701306076
0.6193265007320644 0.2402044293015332
0.6198830409356725 0.24077228847245882
0.6204379562043796 0.24134014764338443
0.6209912536443148 0.24190800681431004
0.6215429403202329 0.24247586598523566
0.622093023255814 0.24304372515616127
0.6211901306240929 0.24304372515616127
0.6217391304347826 0.24361158432708688
0.622286541244573 0.2441794434980125
0.6213872832369942 0.2441794434980125
0.6219336219336219 0.2447473026689381
0.6210374639769453 0.2447473026689381
0.6215827338129496 0.2453151618398637
0.6221264367816092 0.24588302101078932
0.6212338593974175 0.24588302101078932
0.6203438395415473 0.24588302101078932
0.6194563662374821 0.24588302101078932
0.6185714285714285 0.24588302101078932
0.6176890156918687 0.24588302101078932
0.6182336182336182 0.24645088018171493
0.6187766714082503 0.24701873935264054
0.6193181818181818 0.24758659852356615
0.6184397163120567 0.24758659852356615
0.6189801699716714 0.24815445769449176
0.6181046676096181 0.24815445769449176
0.617231638418079 0.24815445769449176
0.616361071932299 0.24815445769449176
0.6169014084507042 0.24872231686541738
0.6174402250351617 0.249290176036343
0.6165730337078652 0.249290176036343
0.6171107994389902 0.2498580352072686
0.6162464985994398 0.2498580352072686
0.6153846153846154 0.2498580352072686
0.6159217877094972 0.2504258943781942
0.6164574616457462 0.2509937535491198
0.616991643454039 0.2515616127200454
0.6161335187760779 0.2515616127200454
0.6166666666666667 0.252129471890971
0.6171983356449375 0.2526973310618966
0.6163434903047091 0.2526973310618966
0.6168741355463347 0.25326519023282223
0.6160220994475138 0.25326519023282223
0.616551724137931 0.25383304940374785
0.6157024793388429 0.25383304940374785
0.6148555708390646 0.25383304940374785
0.614010989010989 0.25383304940374785
0.6145404663923183 0.25440090857467346
0.6150684931506849 0.25496876774559907
0.6142270861833106 0.25496876774559907
0.6147540983606558 0.2555366269165247
0.6139154160982264 0.2555366269165247
0.6130790190735694 0.2555366269165247
0.6122448979591837 0.2555366269165247
0.6114130434782609 0.2555366269165247
0.6105834464043419 0.2555366269165247
0.6097560975609756 0.2555366269165247
0.6102841677943166 0.2561044860874503
0.6094594594594595 0.2561044860874503
0.6099865047233468 0.2566723452583759
0.6091644204851752 0.2566723452583759
0.6096904441453567 0.2572402044293015
0.6088709677419355 0.2572402044293015
0.6093959731543624 0.2578080636002271
0.6099195710455764 0.25837592277115273
0.6104417670682731 0.25894378194207834
0.6096256684491979 0.25894378194207834
0.6101468624833111 0.25951164111300395
0.6106666666666667 0.26007950028392957
0.611185086551265 0.2606473594548552
0.6117021276595744 0.2612152186257808
0.6122177954847278 0.2617830777967064
0.6114058355437666 0.2617830777967064
0.6119205298013245 0.262350936967632
0.6111111111111112 0.262350936967632
0.6116248348745046 0.2629187961385576
0.6108179419525066 0.2629187961385576
0.6100131752305665 0.2629187961385576
0.6105263157894737 0.26348665530948323
0.6097240473061761 0.26348665530948323
0.6089238845144357 0.26348665530948323
0.6094364351245085 0.26405451448040884
0.6086387434554974 0.26405451448040884
0.6078431372549019 0.26405451448040884
0.608355091383812 0.26462237365133445
0.6088657105606258 0.26519023282226006
0.609375 0.2657580919931857
0.6098829648894668 0.2663259511641113
0.6090909090909091 0.2663259511641113
0.6095979247730221 0.2668938103350369
0.6088082901554405 0.2668938103350369
0.6080206985769728 0.2668938103350369
0.6085271317829457 0.2674616695059625
0.607741935483871 0.2674616695059625
0.6069587628865979 0.2674616695059625
0.6061776061776062 0.2674616695059625
0.6053984575835476 0.2674616695059625
0.6059050064184852 0.2680295286768881
0.6051282051282051 0.2680295286768881
0.6043533930857875 0.2680295286768881
0.6035805626598465 0.2680295286768881
0.6028097062579821 0.2680295286768881
0.6033163265306123 0.26859738784781373
0.6038216560509554 0.26916524701873934
0.6043256997455471 0.26973310618966495
0.6048284625158831 0.27030096536059056
0.6040609137055838 0.27030096536059056
0.6045627376425855 0.2708688245315162
0.6037974683544304 0.2708688245315162
0.6030341340075853 0.2708688245315162
0.6022727272727273 0.2708688245315162
0.6015132408575031 0.2708688245315162
0.6020151133501259 0.2714366837024418
0.6025157232704402 0.2720045428733674
0.6017587939698492 0.2720045428733674
0.6010037641154329 0.2720045428733674
0.600250626566416 0.2720045428733674
0.5994993742177722 0.2720045428733674
0.6 0.272572402044293
0.6004993757802747 0.2731402612152186
0.5997506234413965 0.2731402612152186
0.6002490660024906 0.2737081203861442
0.599502487562189 0.2737081203861442
0.5987577639751552 0.2737081203861442
0.598014888337469 0.2737081203861442
0.59727385377943 0.2737081203861442
0.5965346534653465 0.2737081203861442
0.595797280593325 0.2737081203861442
0.5950617283950618 0.2737081203861442
0.5955610357583231 0.27427597955706984
0.5960591133004927 0.27484383872799545
0.5965559655596556 0.27541169789892106
0.5958230958230958 0.27541169789892106
0.5950920245398773 0.27541169789892106
0.5955882352941176 0.27597955706984667
0.594859241126071 0.27597955706984667
0.5941320293398533 0.27597955706984667
0.5946275946275946 0.2765474162407723
0.5939024390243902 0.2765474162407723
0.5931790499390986 0.2765474162407723
0.5936739659367397 0.2771152754116979
0.5929526123936817 0.2771152754116979
0.5922330097087378 0.2771152754116979
0.5927272727272728 0.2776831345826235
0.5932203389830508 0.2782509937535491
0.592503022974607 0.2782509937535491
0.5929951690821256 0.2788188529244747
0.5922798552472859 0.2788188529244747
0.5927710843373494 0.27938671209540034
0.5932611311672683 0.27995457126632595
0.5925480769230769 0.27995457126632595
0.5930372148859544 0.28052243043725156
0.5935251798561151 0.28109028960817717
0.592814371257485 0.28109028960817717
0.5933014354066986 0.2816581487791028
0.5925925925925926 0.2816581487791028
0.5918854415274463 0.2816581487791028
0.5911799761620977 0.2816581487791028
0.5916666666666667 0.2822260079500284
0.5909631391200951 0.2822260079500284
0.5902612826603325 0.2822260079500284
0.5895610913404508 0.2822260079500284
0.5888625592417062 0.2822260079500284
0.5893491124260355 0.282793867120954
0.5898345153664303 0.2833617262918796
0.5903187721369539 0.2839295854628052
0.589622641509434 0.2839295854628052
0.5889281507656066 0.2839295854628052
0.5894117647058823 0.28449744463373083
0.5887191539365453 0.28449744463373083
0.5880281690140845 0.28449744463373083
0.5873388042203986 0.28449744463373083
0.5866510538641686 0.28449744463373083
0.5871345029239766 0.28506530380465644
0.5864485981308412 0.28506530380465644
0.5869311551925321 0.28563316297558206
0.5862470862470862 0.28563316297558206
0.5867287543655413 0.28620102214650767
0.5872093023255814 0.2867688813174333
0.586527293844367 0.2867688813174333
0.58584686774942 0.2867688813174333
0.5851680185399768 0.2867688813174333
0.5844907407407407 0.2867688813174333
0.584971098265896 0.2873367404883589
0.5842956120092379 0.2873367404883589
0.5847750865051903 0.2879045996592845
0.5841013824884793 0.2879045996592845
0.5834292289988493 0.2879045996592845
0.5839080459770115 0.2884724588302101
0.5832376578645235 0.2884724588302101
0.5837155963302753 0.2890403180011357
0.5830469644902635 0.2890403180011357
0.5823798627002288 0.2890403180011357
0.5828571428571429 0.28960817717206133
0.5821917808219178 0.28960817717206133
0.5826681870011402 0.29017603634298694
0.5820045558086561 0.29017603634298694
0.5813424345847554 0.29017603634298694
0.5806818181818182 0.29017603634298694
0.5811577752553916 0.29074389551391255
0.5804988662131519 0.29074389551391255
0.579841449603624 0.29074389551391255
0.579185520361991 0.29074389551391255
0.5785310734463277 0.29074389551391255
0.5790067720090294 0.29131175468483816
0.5794813979706878 0.2918796138557638
0.5788288288288288 0.2918796138557638
0.5793025871766029 0.2924474730266894
0.5797752808988764 0.293015332197615
0.5791245791245792 0.293015332197615
0.57847533632287 0.293015332197615
0.5778275475923852 0.293015332197615
0.5771812080536913 0.293015332197615
0.5776536312849162 0.2935831913685406
0.578125 0.2941510505394662
0.5774804905239688 0.2941510505394662
0.5779510022271714 0.29471890971039183
0.5773081201334817 0.29471890971039183
0.5766666666666667 0.29471890971039183
0.5771365149833518 0.29528676888131744
0.5776053215077606 0.29585462805224305
0.5769656699889258 0.29585462805224305
0.5763274336283186 0.29585462805224305
0.5767955801104973 0.29642248722316866
0.5761589403973509 0.29642248722316866
0.5755237045203969 0.29642248722316866
0.5759911894273128 0.2969903463940943
0.5764576457645765 0.2975582055650199
0.5758241758241758 0.2975582055650199
0.575192096597146 0.2975582055650199
0.5745614035087719 0.2975582055650199
0.5750273822562979 0.2981260647359455
0.574398249452954 0.2981260647359455
0.5737704918032787 0.2981260647359455
0.574235807860262 0.2986939239068711
0.5736095965103599 0.2986939239068711
0.5729847494553377 0.2986939239068711
0.5723612622415669 0.2986939239068711
0.5717391304347826 0.2986939239068711
0.5711183496199783 0.2986939239068711
0.5704989154013015 0.2986939239068711
0.5698808234019501 0.2986939239068711
0.5692640692640693 0.2986939239068711
0.5686486486486486 0.2986939239068711
0.5680345572354212 0.2986939239068711
0.5685005393743258 0.2992617830777967
0.5678879310344828 0.2992617830777967
0.5672766415500539 0.2992617830777967
0.567741935483871 0.29982964224872233
0.5682062298603652 0.30039750141964794
0.5686695278969958 0.30096536059057355
0.5680600214362272 0.30096536059057355
0.5685224839400428 0.30153321976149916
0.5689839572192513 0.30210107893242477
0.5683760683760684 0.30210107893242477
0.5688367129135539 0.3026689381033504
0.5692963752665245 0.303236797274276
0.5686900958466453 0.303236797274276
0.5680851063829787 0.303236797274276
0.5674814027630181 0.303236797274276
0.5679405520169851 0.3038046564452016
0.5673382820784729 0.3038046564452016
0.5667372881355932 0.3038046564452016
0.5661375661375662 0.3038046564452016
0.5655391120507399 0.3038046564452016
0.5659978880675819 0.3043725156161272
0.5664556962025317 0.3049403747870528
0.565858798735511 0.3049403747870528
0.5652631578947368 0.3049403747870528
0.5657202944269191 0.30550823395797844
0.5651260504201681 0.30550823395797844
0.565582371458552 0.30607609312890405
0.5660377358490566 0.30664395229982966
0.5654450261780105 0.30664395229982966
0.5648535564853556 0.30664395229982966
0.5653082549634274 0.30721181147075527
0.5647181628392485 0.30721181147075527
0.5641293013555787 0.30721181147075527
0.5645833333333333 0.3077796706416809
0.5639958376690947 0.3077796706416809
0.5634095634095634 0.3077796706416809
0.5628245067497404 0.3077796706416809
0.5632780082987552 0.3083475298126065
0.5637305699481865 0.3089153889835321
0.5631469979296067 0.3089153889835321
0.562564632885212 0.3089153889835321
0.5619834710743802 0.3089153889835321
0.5614035087719298 0.3089153889835321
0.5618556701030928 0.3094832481544577
0.5623069001029866 0.3100511073253833
0.5617283950617284 0.3100511073253833
0.5621788283658787 0.31061896649630893
0.5616016427104723 0.31061896649630893
0.561025641025641 0.31061896649630893
0.5604508196721312 0.31061896649630893
0.5598771750255885 0.31061896649630893
0.5593047034764826 0.31061896649630893
0.5597548518896833 0.31118682566723455
0.5591836734693878 0.31118682566723455
0.5596330275229358 0.31175468483816016
0.5590631364562119 0.31175468483816016
0.5584944048830112 0.31175468483816016
0.5589430894308943 0.31232254400908577
0.5593908629441624 0.3128904031800114
0.5598377281947262 0.313458262350937
0.5602836879432624 0.3140261215218626
0.5597165991902834 0.3140261215218626
0.5591506572295247 0.3140261215218626
0.5585858585858586 0.3140261215218626
0.5580221997981837 0.3140261215218626
0.5584677419354839 0.3145939806927882
0.5579053373615307 0.3145939806927882
0.5573440643863179 0.3145939806927882
0.5567839195979899 0.3145939806927882
0.5562248995983936 0.3145939806927882
0.555667001003009 0.3145939806927882
0.5551102204408818 0.3145939806927882
0.5545545545545546 0.3145939806927882
0.555 0.3151618398637138
0.5544455544455544 0.3151618398637138
0.5538922155688623 0.3151618398637138
0.5533399800598205 0.3151618398637138
0.5527888446215139 0.3151618398637138
0.5522388059701493 0.3151618398637138
0.55168986083499 0.3151618398637138
0.5521350546176763 0.31572969903463943
0.5525793650793651 0.31629755820556504
0.5520317145688801 0.31629755820556504
0.5514851485148515 0.31629755820556504
0.5509396636993076 0.31629755820556504
0.5503952569169961 0.31629755820556504
0.5498519249753209 0.31629755820556504
0.5493096646942801 0.31629755820556504
0.5497536945812808 0.31686541737649065
0.5501968503937008 0.31743327654741627
0.5506391347099312 0.3180011357183419
0.550098231827112 0.3180011357183419
0.549558390578999 0.3180011357183419
0.5490196078431373 0.3180011357183419
0.5494613124387855 0.3185689948892675
0.5489236790606654 0.3185689948892675
0.5483870967741935 0.3185689948892675
0.548828125 0.3191368540601931
0.5482926829268293 0.3191368540601931
0.5477582846003899 0.3191368540601931
0.5472249269717624 0.3191368540601931
0.546692607003891 0.3191368540601931
0.5461613216715258 0.3191368540601931
0.5466019417475728 0.3197047132311187
0.5460717749757517 0.3197047132311187
0.5455426356589147 0.3197047132311187
0.5459825750242013 0.3202725724020443
0.5454545454545454 0.3202725724020443
0.5449275362318841 0.3202725724020443
0.5444015444015444 0.3202725724020443
0.5438765670202508 0.3202725724020443
0.5433526011560693 0.3202725724020443
0.5437921077959577 0.32084043157296993
0.5432692307692307 0.32084043157296993
0.542747358309318 0.32084043157296993
0.5422264875239923 0.32084043157296993
0.5417066155321189 0.32084043157296993
0.5411877394636015 0.32084043157296993
0.5406698564593302 0.32084043157296993
0.5401529636711281 0.32084043157296993
0.5396370582617 0.32084043157296993
0.5391221374045801 0.32084043157296993
0.5386081982840801 0.32084043157296993
0.5380952380952381 0.32084043157296993
0.5375832540437678 0.32084043157296993
0.5380228136882129 0.32140829074389554
0.5384615384615384 0.3219761499148211
0.5379506641366224 0.3219761499148211
0.5374407582938389 0.3219761499148211
0.5378787878787878 0.3225440090857467
0.5373699148533586 0.3225440090857467
0.5378071833648393 0.3231118682566723
0.5372993389990557 0.3231118682566723
0.5367924528301887 0.3231118682566723
0.5372290292177191 0.32367972742759793
0.536723163841808 0.32367972742759793
0.5362182502351834 0.32367972742759793
0.5357142857142857 0.32367972742759793
0.5352112676056338 0.32367972742759793
0.5356472795497186 0.32424758659852354
0.5360824742268041 0.32481544576944915
0.5355805243445693 0.32481544576944915
0.5350795135640786 0.32481544576944915
0.5355140186915888 0.32538330494037476
0.5359477124183006 0.3259511641113004
0.5354477611940298 0.3259511641113004
0.5358807082945014 0.326519023282226
0.5353817504655494 0.326519023282226
0.5358139534883721 0.3270868824531516
0.5353159851301115 0.3270868824531516
0.5357474466109564 0.3276547416240772
0.5352504638218923 0.3276547416240772
0.5347544022242817 0.3276547416240772
0.5342592592592592 0.3276547416240772
0.5337650323774283 0.3276547416240772
0.533271719038817 0.3276547416240772
0.5327793167128347 0.3276547416240772
0.533210332103321 0.3282226007950028
0.5336405529953917 0.3287904599659284
0.5340699815837937 0.32935831913685404
0.5335786568537259 0.32935831913685404
0.5330882352941176 0.32935831913685404
0.5325987144168962 0.32935831913685404
0.5321100917431193 0.32935831913685404
0.532538955087076 0.32992617830777965
0.532051282051282 0.32992617830777965
0.5315645013723697 0.32992617830777965
0.5310786106032906 0.32992617830777965
0.5305936073059361 0.32992617830777965
0.531021897810219 0.33049403747870526
0.5305378304466728 0.33049403747870526
0.5309653916211293 0.33106189664963087
0.5304822565969063 0.33106189664963087
0.53 0.33106189664963087
0.5304268846503178 0.3316297558205565
0.52994555353902 0.3316297558205565
0.5294650951949229 0.3316297558205565
0.529891304347826 0.3321976149914821
0.5294117647058824 0.3321976149914821
0.5289330922242315 0.3321976149914821
0.5284552845528455 0.3321976149914821
0.5279783393501805 0.3321976149914821
0.527502254283138 0.3321976149914821
0.527027027027027 0.3321976149914821
0.5265526552655265 0.3321976149914821
0.5269784172661871 0.3327654741624077
0.527403414195867 0.3333333333333333
0.5269299820466786 0.3333333333333333
0.526457399103139 0.3333333333333333
0.5259856630824373 0.3333333333333333
0.5264100268576545 0.3339011925042589
0.5259391771019678 0.3339011925042589
0.5254691689008043 0.3339011925042589
0.525 0.3339011925042589
0.5245316681534344 0.3339011925042589
0.5240641711229946 0.3339011925042589
0.5235975066785397 0.3339011925042589
0.5231316725978647 0.3339011925042589
0.5226666666666666 0.3339011925042589
0.522202486678508 0.3339011925042589
0.5217391304347826 0.3339011925042589
0.5212765957446809 0.3339011925042589
0.5217006200177148 0.33446905167518454
0.5212389380530974 0.33446905167518454
0.5207780725022104 0.33446905167518454
0.5203180212014135 0.33446905167518454
0.5198587819947044 0.33446905167518454
0.5194003527336861 0.33446905167518454
0.5198237885462555 0.33503691084611015
0.5193661971830986 0.33503691084611015
0.5189094107299912 0.33503691084611015
0.5193321616871704 0.33560477001703576
0.5188762071992976 0.33560477001703576
0.519298245614035 0.33617262918796137
0.5188431200701139 0.33617262918796137
0.5192644483362522 0.336740488358887
0.5196850393700787 0.3373083475298126
0.5192307692307693 0.3373083475298126
0.5187772925764192 0.3373083475298126
0.5191972076788831 0.3378762067007382
0.5187445510026155 0.3378762067007382
0.519163763066202 0.3384440658716638
0.5195822454308094 0.3390119250425894
0.52 0.33957978421351503
0.5204170286707211 0.34014764338444065
0.5199652777777778 0.34014764338444065
0.5203816131830009 0.34071550255536626
0.5199306759098787 0.34071550255536626
0.5194805194805194 0.34071550255536626
0.5190311418685121 0.34071550255536626
0.5185825410544511 0.34071550255536626
0.5189982728842832 0.34128336172629187
0.5194132873166523 0.3418512208972175
0.5189655172413793 0.3418512208972175
0.5185185185185185 0.3418512208972175
0.5180722891566265 0.3418512208972175
0.5184866723989682 0.3424190800681431
0.5180412371134021 0.3424190800681431
0.5175965665236052 0.3424190800681431
0.5180102915951973 0.3429869392390687
0.5184233076263924 0.3435547984099943
0.5179794520547946 0.3435547984099943
0.5175363558597091 0.3435547984099943
0.5170940170940171 0.3435547984099943
0.5166524338172502 0.3435547984099943
0.5162116040955631 0.3435547984099943
0.5157715260017051 0.3435547984099943
0.5153321976149915 0.3435547984099943
0.5148936170212766 0.3435547984099943
0.5153061224489796 0.3441226575809199
0.5148683092608326 0.3441226575809199
0.5144312393887945 0.3441226575809199
0.5139949109414759 0.3441226575809199
0.514406779661017 0.34469051675184553
0.5139712108382727 0.34469051675184553
0.5135363790186125 0.34469051675184553
0.5139475908706678 0.34525837592277114
0.5143581081081081 0.34582623509369675
0.5139240506329114 0.34582623509369675
0.5134907251264755 0.34582623509369675
0.5130581297388374 0.34582623509369675
0.5134680134680135 0.34639409426462237
0.5130361648444071 0.34639409426462237
0.5126050420168067 0.34639409426462237
0.5121746431570109 0.34639409426462237
0.511744966442953 0.34639409426462237
0.5113160100586757 0.34639409426462237
0.5108877721943048 0.34639409426462237
0.5112970711297071 0.346961953435548
0.5108695652173914 0.346961953435548
0.5112781954887218 0.3475298126064736
0.511686143572621 0.3480976717773992
0.5112593828190158 0.3480976717773992
0.5108333333333334 0.3480976717773992
0.5104079933388843 0.3480976717773992
0.5108153078202995 0.3486655309483248
0.5112219451371571 0.3492333901192504
0.510797342192691 0.3492333901192504
0.5103734439834025 0.3492333901192504
0.5099502487562189 0.3492333901192504
0.5095277547638773 0.3492333901192504
0.5091059602649006 0.3492333901192504
0.5086848635235732 0.3492333901192504
0.5082644628099173 0.3492333901192504
0.5078447563996696 0.3492333901192504
0.5074257425742574 0.3492333901192504
0.5070074196207749 0.3492333901192504
0.5065897858319605 0.3492333901192504
0.5069958847736625 0.34980124929017603
0.5074013157894737 0.35036910846110164
0.5078060805258833 0.35093696763202725
0.5082101806239737 0.35150482680295286
0.5077932731747334 0.35150482680295286
0.5073770491803279 0.35150482680295286
0.506961506961507 0.35150482680295286
0.5065466448445172 0.35150482680295286
0.5069501226492232 0.3520726859738785
0.5065359477124183 0.3520726859738785
0.506938775510204 0.3526405451448041
0.5073409461663948 0.3532084043157297
0.5077424612876935 0.3537762634866553
0.507328990228013 0.3537762634866553
0.5069161920260374 0.3537762634866553
0.5065040650406504 0.3537762634866553
0.5060926076360682 0.3537762634866553
0.5056818181818182 0.3537762634866553
0.5060827250608273 0.3543441226575809
0.5056726094003241 0.3543441226575809
0.5060728744939271 0.35491198182850653
0.5064724919093851 0.35547984099943214
0.5060630557801131 0.35547984099943214
0.505654281098546 0.35547984099943214
0.5060532687651331 0.35604770017035775
0.5056451612903226 0.35604770017035775
0.5052377115229654 0.35604770017035775
0.5048309178743962 0.35604770017035775
0.504424778761062 0.35604770017035775
0.5040192926045016 0.35604770017035775
0.5044176706827309 0.35661555934128336
0.5048154093097913 0.35718341851220897
0.504410585404972 0.35718341851220897
0.5040064102564102 0.35718341851220897
0.5044035228182546 0.3577512776831346
0.504 0.3577512776831346
0.504396482813749 0.3583191368540602
0.5047923322683706 0.3588869960249858
0.5051875498802874 0.3594548551959114
0.5055821371610846 0.360022714366837
0.5051792828685259 0.360022714366837
0.5047770700636943 0.360022714366837
0.5043754972155927 0.360022714366837
0.5039745627980922 0.360022714366837
0.5035742652899127 0.360022714366837
0.5031746031746032 0.360022714366837
0.5035685963521015 0.36059057353776264
0.5031695721077655 0.36059057353776264
0.5027711797307997 0.36059057353776264
0.502373417721519 0.36059057353776264
0.5019762845849802 0.36059057353776264
0.5023696682464455 0.36115843270868825
0.5019731649565904 0.36115843270868825
0.501577287066246 0.36115843270868825
0.5011820330969267 0.36115843270868825
0.5007874015748032 0.36115843270868825
0.5003933910306845 0.36115843270868825
0.5007861635220126 0.36172629187961386
0.5011783189316575 0.36229415105053947
0.5015698587127159 0.3628620102214651
0.5019607843137255 0.3634298693923907
0.5015673981191222 0.3634298693923907
0.5019577133907596 0.3639977285633163
0.5023474178403756 0.3645655877342419
0.5019546520719312 0.3645655877342419
0.50234375 0.3651334469051675
0.501951600312256 0.3651334469051675
0.5015600624024961 0.3651334469051675
0.5011691348402182 0.3651334469051675
0.5007788161993769 0.3651334469051675
0.5003891050583658 0.3651334469051675
0.5007776049766719 0.36570130607609314
0.5003885003885004 0.36570130607609314
0.5007763975155279 0.36626916524701875
0.5003878975950349 0.36626916524701875
0.5 0.36626916524701875
0.5003872966692486 0.36683702441794436
0.5 0.36683702441794436
0.49961330239752516 0.36683702441794436
0.4992272024729521 0.36683702441794436
0.4988416988416988 0.36683702441794436
0.4992283950617284 0.36740488358886997
0.49884348496530456 0.36740488358886997
0.49922958397534667 0.3679727427597956
0.49884526558891457 0.3679727427597956
0.49923076923076926 0.3685406019307212
0.49884704073789393 0.3685406019307212
0.49846390168970817 0.3685406019307212
0.4980813507290867 0.3685406019307212
0.4976993865030675 0.3685406019307212
0.49731800766283524 0.3685406019307212
0.49693721286370596 0.3685406019307212
0.49655700076511095 0.3685406019307212
0.4969418960244648 0.3691084611016468
0.4965622612681436 0.3691084611016468
0.4961832061068702 0.3691084611016468
0.4965675057208238 0.3696763202725724
0.4961890243902439 0.3696763202725724
0.49581111957349583 0.3696763202725724
0.4954337899543379 0.3696763202725724
0.4958174904942966 0.370244179443498
0.49544072948328266 0.370244179443498
0.49506454062262717 0.370244179443498
0.4946889226100152 0.370244179443498
0.4943138741470811 0.370244179443498
0.49393939393939396 0.370244179443498
0.49356548069644207 0.370244179443498
0.49319213313161875 0.370244179443498
0.4928193499622071 0.370244179443498
0.49244712990936557 0.370244179443498
0.4920754716981132 0.370244179443498
0.4917043740573152 0.370244179443498
0.492087415222306 0.37081203861442363
0.4917168674698795 0.37081203861442363
0.49134687735139204 0.37081203861442363
0.49097744360902257 0.37081203861442363
0.4906085649887303 0.37081203861442363
0.49024024024024027 0.37081203861442363
0.4898724681170293 0.37081203861442363
0.48950524737631185 0.37081203861442363
0.4891385767790262 0.37081203861442363
0.48952095808383234 0.37137989778534924
0.48990276738967836 0.37194775695627486
0.48953662182361735 0.37194775695627486
0.48917102315160566 0.37194775695627486
0.48880597014925375 0.37194775695627486
0.4891871737509321 0.37251561612720047
0.488822652757079 0.37251561612720047
0.4892032762472077 0.3730834752981261
0.4895833333333333 0.3736513344690517
0.48921933085501856 0.3736513344690517
0.4888558692421991 0.3736513344690517
0.4884929472902747 0.3736513344690517
0.48887240356083084 0.3742191936399773
0.4892512972572276 0.3747870528109029
0.48962962962962964 0.3753549119818285
0.48926720947446334 0.3753549119818285
0.488905325443787 0.3753549119818285
0.4885439763488544 0.3753549119818285
0.4881831610044313 0.3753549119818285
0.4878228782287823 0.3753549119818285
0.48746312684365783 0.3753549119818285
0.4871039056742815 0.3753549119818285
0.48674521354933725 0.3753549119818285
0.4863870493009566 0.3753549119818285
0.48676470588235293 0.37592277115275413
0.4871418074944893 0.37649063032367974
0.486784140969163 0.37649063032367974
0.48642699926632427 0.37649063032367974
0.4868035190615836 0.37705848949460535
0.48644688644688644 0.37705848949460535
0.486090775988287 0.37705848949460535
0.4857351865398683 0.37705848949460535
0.4853801169590643 0.37705848949460535
0.48575602629656683 0.37762634866553096
0.4854014598540146 0.37762634866553096
0.4850474106491612 0.37762634866553096
0.4846938775510204 0.37762634866553096
0.48434085943190097 0.37762634866553096
0.48398835516739447 0.37762634866553096
0.48363636363636364 0.37762634866553096
0.48328488372093026 0.37762634866553096
0.4829339143064633 0.37762634866553096
0.4825834542815675 0.37762634866553096
0.48223350253807107 0.37762634866553096
0.48188405797101447 0.37762634866553096
0.4822592324402607 0.3781942078364566
0.48191027496382055 0.3781942078364566
0.48156182212581344 0.3781942078364566
0.48121387283236994 0.3781942078364566
0.4815884476534296 0.3787620670073822
0.481962481962482 0.3793299261783078
0.4816149963950973 0.3793299261783078
0.4812680115273775 0.3793299261783078
0.48092152627789775 0.3793299261783078
0.4805755395683453 0.3793299261783078
0.4802300503235083 0.3793299261783078
0.47988505747126436 0.3793299261783078
0.47954055994257 0.3793299261783078
0.47919655667144906 0.3793299261783078
0.47885304659498207 0.3793299261783078
0.4785100286532951 0.3793299261783078
0.47816750178954903 0.3793299261783078
0.47782546494992845 0.3793299261783078
0.47748391708363114 0.3793299261783078
0.47714285714285715 0.3793299261783078
0.476802284082798 0.3793299261783078
0.4764621968616263 0.3793299261783078
0.47612259444048466 0.3793299261783078
0.4757834757834758 0.3793299261783078
0.47544483985765124 0.3793299261783078
0.4751066856330014 0.3793299261783078
0.47476901208244493 0.3793299261783078
0.4744318181818182 0.3793299261783078
0.4740951029098652 0.3793299261783078
0.47375886524822697 0.3793299261783078
0.47342310418143163 0.3793299261783078
0.4737960339943343 0.3798977853492334
0.4734607218683652 0.3798977853492334
0.47312588401697314 0.3798977853492334
0.472791519434629 0.3798977853492334
0.4724576271186441 0.3798977853492334
0.4721242060691602 0.3798977853492334
0.4717912552891396 0.3798977853492334
0.4714587737843552 0.3798977853492334
0.47183098591549294 0.380465644520159
0.47149894440534834 0.380465644520159
0.4711673699015471 0.380465644520159
0.4708362614195362 0.380465644520159
0.4705056179775281 0.380465644520159
0.47017543859649125 0.380465644520159
0.46984572230014027 0.380465644520159
0.4695164681149264 0.380465644520159
0.469187675070028 0.380465644520159
0.4688593421973408 0.380465644520159
0.46923076923076923 0.38103350369108463
0.4689028651292802 0.38103350369108463
0.4692737430167598 0.38160136286201024
0.4696441032798325 0.38216922203293585
0.46931659693165967 0.38216922203293585
0.4689895470383275 0.38216922203293585
0.46866295264623953 0.38216922203293585
0.4683368128044537 0.38216922203293585
0.46801112656467314 0.38216922203293585
0.467685892981237 0.38216922203293585
0.4673611111111111 0.38216922203293585
0.46703678001387927 0.38216922203293585
0.4667128987517337 0.38216922203293585
0.4670824670824671 0.38273708120386146
0.4667590027700831 0.38273708120386146
0.4671280276816609 0.3833049403747871
0.46680497925311204 0.3833049403747871
0.4664823773324119 0.3833049403747871
0.4661602209944751 0.3833049403747871
0.4665286404416839 0.3838727995457127
0.4668965517241379 0.3844406587166383
0.4665747760165403 0.3844406587166383
0.4662534435261708 0.3844406587166383
0.46593255333792155 0.3844406587166383
0.4656121045392022 0.3844406587166383
0.465979381443299 0.3850085178875639
0.46565934065934067 0.3850085178875639
0.4653397391901167 0.3850085178875639
0.4657064471879287 0.3855763770584895
0.46538725154215216 0.3855763770584895
0.4657534246575342 0.3861442362294151
0.4654346338124572 0.3861442362294151
0.46511627906976744 0.3861442362294151
0.46479835953520166 0.3861442362294151
0.4651639344262295 0.38671209540034074
0.46484641638225255 0.38671209540034074
0.4645293315143247 0.38671209540034074
0.46421267893660534 0.38671209540034074
0.46389645776566757 0.38671209540034074
0.4635806671204901 0.38671209540034074
0.463265306122449 0.38671209540034074
0.4636301835486064 0.38727995457126635
0.4633152173913043 0.38727995457126635
0.46300067888662594 0.38727995457126635
0.4626865671641791 0.38727995457126635
0.4623728813559322 0.38727995457126635
0.4627371273712737 0.38784781374219196
0.4631008801624915 0.38841567291311757
0.462787550744249 0.38841567291311757
0.46247464503042596 0.38841567291311757
0.46283783783783783 0.3889835320840432
0.462525320729237 0.3889835320840432
0.4622132253711201 0.3889835320840432
0.4619015509103169 0.3889835320840432
0.4615902964959569 0.3889835320840432
0.46195286195286195 0.3895513912549688
0.4616419919246299 0.3895513912549688
0.4613315400134499 0.3895513912549688
0.46102150537634407 0.3895513912549688
0.46071188717259903 0.3895513912549688
0.4604026845637584 0.3895513912549688
0.460093896713615 0.3895513912549688
0.460455764075067 0.3901192504258944
0.46014735432016074 0.3901192504258944
0.4598393574297189 0.3901192504258944
0.45953177257525085 0.3901192504258944
0.45989304812834225 0.39068710959682
0.45958583834335337 0.39068710959682
0.45927903871829107 0.39068710959682
0.4589726484322882 0.39068710959682
0.4593333333333333 0.3912549687677456
0.4590273151232512 0.3912549687677456
0.45872170439414117 0.3912549687677456
0.4590818363273453 0.39182282793867124
0.4587765957446808 0.39182282793867124
0.4591362126245847 0.39239068710959685
0.4588313413014608 0.39239068710959685
0.45852687458526875 0.39239068710959685
0.4588859416445623 0.3929585462805224
0.4592445328031809 0.393526405451448
0.4596026490066225 0.3940942646223736
0.45929847782925215 0.3940942646223736
0.45965608465608465 0.39466212379329924
0.4593522802379379 0.39466212379329924
0.45904887714663145 0.39466212379329924
0.45874587458745875 0.39466212379329924
0.45844327176781 0.39466212379329924
0.45880026367831245 0.39522998296422485
0.45849802371541504 0.39522998296422485
0.45819618169848586 0.39522998296422485
0.45789473684210524 0.39522998296422485
0.45759368836291914 0.39522998296422485
0.4579500657030223 0.39579784213515046
0.4576493762311228 0.39579784213515046
0.4573490813648294 0.39579784213515046
0.45704918032786884 0.39579784213515046
0.4567496723460026 0.39579784213515046
0.4564505566470203 0.39579784213515046
0.456151832460733 0.39579784213515046
0.45585349901896666 0.39579784213515046
0.45555555555555555 0.39579784213515046
0.4552580013063357 0.39579784213515046
0.4549608355091384 0.39579784213515046
0.4553163731245923 0.39636570130607607
0.455019556714472 0.39636570130607607
0.4553745928338762 0.3969335604770017
0.4557291666666667 0.3975014196479273
0.4560832791151594 0.3980692788188529
0.4557867360208062 0.3980692788188529
0.4554905782975958 0.3980692788188529
0.4551948051948052 0.3980692788188529
0.4555483452303699 0.3986371379897785
0.45525291828793774 0.3986371379897785
0.45495787427090084 0.3986371379897785
0.45531088082901555 0.3992049971607041
0.45501618122977344 0.3992049971607041
0.45472186287192756 0.3992049971607041
0.4544279250161603 0.3992049971607041
0.4541343669250646 0.3992049971607041
0.4538411878631375 0.3992049971607041
0.4541935483870968 0.39977285633162973
0.45390070921985815 0.39977285633162973
0.4536082474226804 0.39977285633162973
0.45331616226658084 0.39977285633162973
0.45302445302445304 0.39977285633162973
0.4527331189710611 0.39977285633162973
0.4530848329048843 0.40034071550255534
0.4527938342967245 0.40034071550255534
0.4525032092426187 0.40034071550255534
0.45285439384220655 0.40090857467348096
0.45256410256410257 0.40090857467348096
0.452914798206278 0.40147643384440657
0.4526248399487836 0.40147643384440657
0.45297504798464494 0.4020442930153322
0.45268542199488493 0.4020442930153322
0.4523961661341853 0.4020442930153322
0.45274584929757344 0.4026121521862578
0.4524569240587109 0.4026121521862578
0.45216836734693877 0.4026121521862578
0.4518801784576163 0.4026121521862578
0.45222929936305734 0.4031800113571834
0.4519414385741566 0.4031800113571834
0.45165394402035625 0.4031800113571834
0.45136681500317866 0.4031800113571834
0.45108005082592123 0.4031800113571834
0.4514285714285714 0.403747870528109
0.45114213197969544 0.403747870528109
0.450856055802156 0.403747870528109
0.4512040557667934 0.4043157296990346
0.45091830272324257 0.4043157296990346
0.45126582278481014 0.40488358886996023
0.45098039215686275 0.40488358886996023
0.4506953223767383 0.40488358886996023
0.4510423246999368 0.40545144804088584
0.4513888888888889 0.40601930721181145
0.4517350157728707 0.40658716638273706
0.4514501891551072 0.40658716638273706
0.45116572148708256 0.40658716638273706
0.4508816120906801 0.40658716638273706
0.4512271869100063 0.4071550255536627
0.45157232704402517 0.4077228847245883
0.4512884978001257 0.4077228847245883
0.45163316582914576 0.4082907438955139
0.45134965473948524 0.4082907438955139
0.4510664993726474 0.4082907438955139
0.4507836990595611 0.4082907438955139
0.45050125313283207 0.4082907438955139
0.45021916092673764 0.4082907438955139
0.4499374217772215 0.4082907438955139
0.450281425891182 0.4088586030664395
0.45 0.4088586030664395
0.4497189256714553 0.4088586030664395
0.449438202247191 0.4088586030664395
0.44915782907049284 0.4088586030664395
0.4488778054862843 0.4088586030664395
0.4485981308411215 0.4088586030664395
0.44831880448318806 0.4088586030664395
0.44803982576228996 0.4088586030664395
0.44776119402985076 0.4088586030664395
0.4481044126786824 0.4094264622373651
0.44782608695652176 0.4094264622373651
0.4475481067659839 0.4094264622373651
0.4472704714640198 0.4094264622373651
0.44699318040917546 0.4094264622373651
0.44671623296158613 0.4094264622373651
0.44643962848297214 0.4094264622373651
0.44616336633663367 0.4094264622373651
0.4458874458874459 0.4094264622373651
0.446229913473424 0.40999432140829073
0.44657195799876465 0.41056218057921634
0.4462962962962963 0.41056218057921634
0.44663787785317705 0.41113003975014195
0.44636251541307026 0.41113003975014195
0.4460874922982132 0.41113003975014195
0.4458128078817734 0.41113003975014195
0.4461538461538462 0.41169789892106756
0.44587945879458796 0.41169789892106756
0.44560540872771975 0.41169789892106756
0.44594594594594594 0.4122657580919932
0.4462860650705955 0.4128336172629188
0.4460122699386503 0.4128336172629188
0.44635193133047213 0.4134014764338444
0.44607843137254904 0.4134014764338444
0.44580526638089407 0.4134014764338444
0.4455324357405141 0.4134014764338444
0.4452599388379205 0.4134014764338444
0.4449877750611247 0.4134014764338444
0.4447159437996335 0.4134014764338444
0.4444444444444444 0.4134014764338444
0.44478340451494813 0.41396933560477
0.4445121951219512 0.41396933560477
0.44424131627056673 0.41396933560477
0.4445797807551766 0.4145371947756956
0.4443091905051735 0.4145371947756956
0.4440389294403893 0.4145371947756956
0.44376899696048633 0.4145371947756956
0.44410692588092343 0.4151050539466212
0.4444444444444444 0.41567291311754684
0.4441747572815534 0.41567291311754684
0.44451182534869615 0.41624077228847245
0.4442424242424242 0.41624077228847245
0.4439733494851605 0.41624077228847245
0.4437046004842615 0.41624077228847245
0.44343617664851787 0.41624077228847245
0.44316807738814995 0.41624077228847245
0.44290030211480363 0.41624077228847245
0.44323671497584544 0.41680863145939806
0.44296922148461076 0.41680863145939806
0.44330518697225574 0.41737649063032367
0.4436407474382158 0.4179443498012493
0.4433734939759036 0.4179443498012493
0.44310656231186035 0.4179443498012493
0.4428399518652226 0.4179443498012493
0.4425736620565244 0.4179443498012493
0.44290865384615385 0.4185122089721749
0.44324324324324327 0.4190800681431005
0.4429771908763505 0.4190800681431005
0.4433113377324535 0.4196479273140261
0.4430455635491607 0.4196479273140261
0.4433792690233673 0.4202157864849517
0.4431137724550898 0.4202157864849517
0.4428485936564931 0.4202157864849517
0.4431818181818182 0.42078364565587734
0.4435146443514644 0.42135150482680295
0.4432497013142174 0.42135150482680295
0.44298507462686565 0.42135150482680295
0.44331742243436756 0.42191936399772856
0.4430530709600477 0.42191936399772856
0.4427890345649583 0.42191936399772856
0.4425253126861227 0.42191936399772856
0.44285714285714284 0.42248722316865417
0.44259369422962525 0.42248722316865417
0.4423305588585018 0.42248722316865417
0.44206773618538325 0.42248722316865417
0.4418052256532066 0.42248722316865417
0.4421364985163205 0.4230550823395798
0.44187425860023727 0.4230550823395798
0.44161232957913454 0.4230550823395798
0.44135071090047395 0.4230550823395798
0.44108940201302543 0.4230550823395798
0.4408284023668639 0.4230550823395798
0.44056771141336487 0.4230550823395798
0.44030732860520094 0.4230550823395798
0.4400472533963379 0.4230550823395798
0.4397874852420307 0.4230550823395798
0.43952802359882004 0.4230550823395798
0.43985849056603776 0.4236229415105054
0.4395992928697702 0.4236229415105054
0.43934040047114253 0.4236229415105054
0.4390818128310771 0.4236229415105054
0.4388235294117647 0.4236229415105054
0.4385655496766608 0.4236229415105054
0.4383078730904818 0.4236229415105054
0.4386376981796829 0.424190800681431
0.43838028169014087 0.424190800681431
0.4381231671554252 0.424190800681431
0.43786635404454866 0.424190800681431
0.437609841827768 0.424190800681431
0.4373536299765808 0.424190800681431
0.4376828554710357 0.4247586598523566
0.43801169590643274 0.4253265190232822
0.4377556984219754 0.4253265190232822
0.4375 0.4253265190232822
0.43724460011675426 0.4253265190232822
0.4369894982497083 0.4253265190232822
0.43673469387755104 0.4253265190232822
0.4364801864801865 0.4253265190232822
0.4362259755387303 0.4253265190232822
0.43655413271245636 0.42589437819420783
0.4363001745200698 0.42589437819420783
0.436046511627907 0.42589437819420783
0.4357931435212086 0.42589437819420783
0.4355400696864111 0.42589437819420783
0.4352872896111434 0.42589437819420783
0.43503480278422274 0.42589437819420783
0.4353623188405797 0.42646223736513345
0.43511008111239863 0.42646223736513345
0.43543717429067746 0.42703009653605906
0.4351851851851852 0.42703009653605906
0.4349334875650665 0.42703009653605906
0.4346820809248555 0.42703009653605906
0.43443096476025417 0.42703009653605906
0.43475750577367206 0.42759795570698467
0.4345066358915176 0.42759795570698467
0.4342560553633218 0.42759795570698467
0.4340057636887608 0.42759795570698467
0.4337557603686636 0.42759795570698467
0.43350604490500866 0.42759795570698467
0.4332566168009206 0.42759795570698467
0.4335825186889017 0.4281658148779103
0.4339080459770115 0.4287336740488359
0.43365881677197016 0.4287336740488359
0.4334098737083812 0.4287336740488359
0.43316121629374643 0.4287336740488359
0.4329128440366973 0.4287336740488359
0.4326647564469914 0.4287336740488359
0.43241695303550975 0.4287336740488359
0.432169433314253 0.4287336740488359
0.4319221967963387 0.4287336740488359
0.4322469982847341 0.4293015332197615
0.432 0.4293015332197615
0.431753283837807 0.4293015332197615
0.4315068493150685 0.4293015332197615
0.4318311466058186 0.4298693923906871
0.4315849486887115 0.4298693923906871
0.43133903133903134 0.4298693923906871
0.43109339407744873 0.4298693923906871
0.43084803642572567 0.4298693923906871
0.43060295790671216 0.4298693923906871
0.43035815804434335 0.4298693923906871
0.43011363636363636 0.4298693923906871
0.4298693923906871 0.4298693923906871
0.4296254256526674 0.4298693923906871
0.4293817356778219 0.4298693923906871
0.42913832199546487 0.4298693923906871
0.4294617563739377 0.4304372515616127
0.4292185730464326 0.4304372515616127
0.4289756649688738 0.4304372515616127
0.4292986425339366 0.43100511073253833
