1.0 0.0
1.0 0.0005678591709256105
1.0 0.001135718341851221
1.0 0.0017035775127768314
1.0 0.002271436683702442
1.0 0.0028392958546280523
1.0 0.0034071550255536627
0.8571428571428571 0.0034071550255536627
0.75 0.0034071550255536627
0.6666666666666666 0.0034071550255536627
0.7 0.003975014196479273
0.7272727272727273 0.004542873367404884
0.75 0.005110732538330494
0.7692307692307693 0.0056785917092561046
0.7857142857142857 0.006246450880181715
0.7333333333333333 0.006246450880181715
0.75 0.0068143100511073255
0.7647058823529411 0.0073821692220329355
0.7777777777777778 0.007950028392958546
0.7894736842105263 0.008517887563884156
0.8 0.009085746734809767
0.8095238095238095 0.009653605905735378
0.8181818181818182 0.010221465076660987
0.782608695652174 0.010221465076660987
0.7916666666666666 0.010789324247586598
0.76 0.010789324247586598
0.7692307692307693 0.011357183418512209
0.7407407407407407 0.011357183418512209
0.75 0.01192504258943782
0.7241379310344828 0.01192504258943782
0.7 0.01192504258943782
0.7096774193548387 0.01249290176036343
0.71875 0.01306076093128904
0.7272727272727273 0.013628620102214651
0.7058823529411765 0.013628620102214651
0.7142857142857143 0.014196479273140262
0.7222222222222222 0.014764338444065871
0.7027027027027027 0.014764338444065871
0.6842105263157895 0.014764338444065871
0.6923076923076923 0.015332197614991482
0.7 0.01590005678591709
0.6829268292682927 0.01590005678591709
0.6666666666666666 0.01590005678591709
0.6744186046511628 0.016467915956842702
0.6818181818181818 0.017035775127768313
0.6888888888888889 0.017603634298693924
0.6956521739130435 0.018171493469619535
0.7021276595744681 0.018739352640545145
0.6875 0.018739352640545145
0.6938775510204082 0.019307211811470756
0.68 0.019307211811470756
0.6862745098039216 0.019875070982396367
0.6923076923076923 0.020442930153321975
0.6981132075471698 0.021010789324247586
0.7037037037037037 0.021578648495173196
0.7090909090909091 0.022146507666098807
0.7142857142857143 0.022714366837024418
0.7192982456140351 0.02328222600795003
0.7241379310344828 0.02385008517887564
0.711864406779661 0.02385008517887564
0.7166666666666667 0.02441794434980125
0.7213114754098361 0.02498580352072686
0.7258064516129032 0.02555366269165247
0.7142857142857143 0.02555366269165247
0.703125 0.02555366269165247
0.6923076923076923 0.02555366269165247
0.696969696969697 0.02612152186257808
0.7014925373134329 0.02668938103350369
0.7058823529411765 0.027257240204429302
0.6956521739130435 0.027257240204429302
0.7 0.027825099375354913
0.704225352112676 0.028392958546280524
0.7083333333333334 0.028960817717206135
0.6986301369863014 0.028960817717206135
0.7027027027027027 0.029528676888131742
0.7066666666666667 0.030096536059057353
0.7105263157894737 0.030664395229982964
0.7142857142857143 0.031232254400908575
0.717948717948718 0.03180011357183418
0.7215189873417721 0.03236797274275979
0.7125 0.03236797274275979
0.7160493827160493 0.032935831913685404
0.7195121951219512 0.033503691084611015
0.7108433734939759 0.033503691084611015
0.7142857142857143 0.034071550255536626
0.7058823529411765 0.034071550255536626
0.7093023255813954 0.034639409426462237
0.7126436781609196 0.03520726859738785
0.7159090909090909 0.03577512776831346
0.7191011235955056 0.03634298693923907
0.7222222222222222 0.03691084611016468
0.7252747252747253 0.03747870528109029
0.717391304347826 0.03747870528109029
0.7204301075268817 0.0380465644520159
0.723404255319149 0.03861442362294151
0.7157894736842105 0.03861442362294151
0.71875 0.039182282793867124
0.7216494845360825 0.039750141964792735
0.7244897959183674 0.04031800113571834
0.7171717171717171 0.04031800113571834
0.71 0.04031800113571834
0.7128712871287128 0.04088586030664395
0.7156862745098039 0.04145371947756956
0.7184466019417476 0.04202157864849517
0.7115384615384616 0.04202157864849517
0.7142857142857143 0.04258943781942078
0.7075471698113207 0.04258943781942078
0.7009345794392523 0.04258943781942078
0.7037037037037037 0.04315729699034639
0.7064220183486238 0.043725156161272004
0.7090909090909091 0.044293015332197615
0.7027027027027027 0.044293015332197615
0.7053571428571429 0.044860874503123226
0.7079646017699115 0.045428733674048836
0.7105263157894737 0.04599659284497445
0.7130434782608696 0.04656445201590006
0.7155172413793104 0.04713231118682567
0.717948717948718 0.04770017035775128
0.7203389830508474 0.04826802952867689
0.7226890756302521 0.0488358886996025
0.725 0.049403747870528106
0.7272727272727273 0.04997160704145372
0.7213114754098361 0.04997160704145372
0.7154471544715447 0.04997160704145372
0.717741935483871 0.05053946621237933
0.712 0.05053946621237933
0.7142857142857143 0.05110732538330494
0.7165354330708661 0.05167518455423055
0.71875 0.05224304372515616
0.7131782945736435 0.05224304372515616
0.7076923076923077 0.05224304372515616
0.7022900763358778 0.05224304372515616
0.7045454545454546 0.05281090289608177
0.6992481203007519 0.05281090289608177
0.6940298507462687 0.05281090289608177
0.6888888888888889 0.05281090289608177
0.6911764705882353 0.05337876206700738
0.6861313868613139 0.05337876206700738
0.6884057971014492 0.05394662123793299
0.6906474820143885 0.054514480408858604
0.6928571428571428 0.055082339579784215
0.6950354609929078 0.055650198750709826
0.6971830985915493 0.056218057921635436
0.6993006993006993 0.05678591709256105
0.7013888888888888 0.05735377626348666
0.7034482758620689 0.05792163543441227
0.6986301369863014 0.05792163543441227
0.7006802721088435 0.05848949460533787
0.7027027027027027 0.059057353776263484
0.7046979865771812 0.059625212947189095
0.7 0.059625212947189095
0.7019867549668874 0.060193072118114706
0.7039473684210527 0.06076093128904032
0.6993464052287581 0.06076093128904032
0.7012987012987013 0.06132879045996593
0.6967741935483871 0.06132879045996593
0.6923076923076923 0.06132879045996593
0.6878980891719745 0.06132879045996593
0.6835443037974683 0.06132879045996593
0.6855345911949685 0.06189664963089154
0.6875 0.06246450880181715
0.6894409937888198 0.06303236797274275
0.691358024691358 0.06360022714366836
0.6932515337423313 0.06416808631459398
0.6951219512195121 0.06473594548551959
0.6909090909090909 0.06473594548551959
0.6867469879518072 0.06473594548551959
0.6826347305389222 0.06473594548551959
0.6845238095238095 0.0653038046564452
0.6804733727810651 0.0653038046564452
0.6764705882352942 0.0653038046564452
0.672514619883041 0.0653038046564452
0.6744186046511628 0.06587166382737081
0.6705202312138728 0.06587166382737081
0.6666666666666666 0.06587166382737081
0.6685714285714286 0.06643952299829642
0.6704545454545454 0.06700738216922203
0.672316384180791 0.06757524134014764
0.6741573033707865 0.06814310051107325
0.6759776536312849 0.06871095968199886
0.6722222222222223 0.06871095968199886
0.6685082872928176 0.06871095968199886
0.6648351648351648 0.06871095968199886
0.6612021857923497 0.06871095968199886
0.6630434782608695 0.06927881885292447
0.6594594594594595 0.06927881885292447
0.6612903225806451 0.06984667802385008
0.6577540106951871 0.06984667802385008
0.6595744680851063 0.0704145371947757
0.6613756613756614 0.0709823963657013
0.6631578947368421 0.07155025553662692
0.6596858638743456 0.07155025553662692
0.6614583333333334 0.07211811470755253
0.6580310880829016 0.07211811470755253
0.6597938144329897 0.07268597387847814
0.6615384615384615 0.07325383304940375
0.6632653061224489 0.07382169222032936
0.6649746192893401 0.07438955139125497
0.6616161616161617 0.07438955139125497
0.6582914572864321 0.07438955139125497
0.66 0.07495741056218058
0.6616915422885572 0.07552526973310619
0.6633663366336634 0.0760931289040318
0.6650246305418719 0.07666098807495741
0.6617647058823529 0.07666098807495741
0.6634146341463415 0.07722884724588303
0.6650485436893204 0.07779670641680864
0.6666666666666666 0.07836456558773425
0.6634615384615384 0.07836456558773425
0.6650717703349283 0.07893242475865986
0.6666666666666666 0.07950028392958547
0.6635071090047393 0.07950028392958547
0.6650943396226415 0.08006814310051108
0.6619718309859155 0.08006814310051108
0.6588785046728972 0.08006814310051108
0.6558139534883721 0.08006814310051108
0.6574074074074074 0.08063600227143668
0.6543778801843319 0.08063600227143668
0.6559633027522935 0.08120386144236229
0.6575342465753424 0.0817717206132879
0.6590909090909091 0.08233957978421351
0.6561085972850679 0.08233957978421351
0.6576576576576577 0.08290743895513912
0.6591928251121076 0.08347529812606473
0.6607142857142857 0.08404315729699034
0.6622222222222223 0.08461101646791595
0.6637168141592921 0.08517887563884156
0.6651982378854625 0.08574673480976717
0.6666666666666666 0.08631459398069279
0.6637554585152838 0.08631459398069279
0.6608695652173913 0.08631459398069279
0.6623376623376623 0.0868824531516184
0.6637931034482759 0.08745031232254401
0.6652360515021459 0.08801817149346962
0.6666666666666666 0.08858603066439523
0.6638297872340425 0.08858603066439523
0.6652542372881356 0.08915388983532084
0.6666666666666666 0.08972174900624645
0.6680672268907563 0.09028960817717206
0.6694560669456067 0.09085746734809767
0.6666666666666666 0.09085746734809767
0.6639004149377593 0.09085746734809767
0.6611570247933884 0.09085746734809767
0.6625514403292181 0.09142532651902328
0.6598360655737705 0.09142532651902328
0.6612244897959184 0.0919931856899489
0.6585365853658537 0.0919931856899489
0.659919028340081 0.0925610448608745
0.6612903225806451 0.09312890403180012
0.6586345381526104 0.09312890403180012
0.66 0.09369676320272573
0.6573705179282868 0.09369676320272573
0.6587301587301587 0.09426462237365134
0.6561264822134387 0.09426462237365134
0.65748031496063 0.09483248154457695
0.6588235294117647 0.09540034071550256
0.65625 0.09540034071550256
0.6536964980544747 0.09540034071550256
0.6511627906976745 0.09540034071550256
0.6525096525096525 0.09596819988642817
0.6538461538461539 0.09653605905735378
0.6551724137931034 0.09710391822827939
0.6564885496183206 0.097671777399205
0.6539923954372624 0.097671777399205
0.6515151515151515 0.097671777399205
0.6528301886792452 0.0982396365701306
0.650375939849624 0.0982396365701306
0.6479400749063671 0.0982396365701306
0.6492537313432836 0.09880749574105621
0.6468401486988847 0.09880749574105621
0.6481481481481481 0.09937535491198182
0.6457564575645757 0.09937535491198182
0.6470588235294118 0.09994321408290743
0.6446886446886447 0.09994321408290743
0.6423357664233577 0.09994321408290743
0.64 0.09994321408290743
0.6376811594202898 0.09994321408290743
0.6389891696750902 0.10051107325383304
0.6366906474820144 0.10051107325383304
0.6344086021505376 0.10051107325383304
0.6357142857142857 0.10107893242475866
0.6370106761565836 0.10164679159568427
0.6382978723404256 0.10221465076660988
0.6395759717314488 0.10278250993753549
0.6408450704225352 0.1033503691084611
0.6421052631578947 0.10391822827938671
0.6433566433566433 0.10448608745031232
0.6411149825783972 0.10448608745031232
0.6423611111111112 0.10505394662123793
0.6401384083044983 0.10505394662123793
0.6379310344827587 0.10505394662123793
0.6391752577319587 0.10562180579216354
0.636986301369863 0.10562180579216354
0.6382252559726962 0.10618966496308915
0.6360544217687075 0.10618966496308915
0.6372881355932203 0.10675752413401476
0.6385135135135135 0.10732538330494037
0.6363636363636364 0.10732538330494037
0.6375838926174496 0.10789324247586599
0.6354515050167224 0.10789324247586599
0.6366666666666667 0.1084611016467916
0.6345514950166113 0.1084611016467916
0.6357615894039735 0.10902896081771721
0.6336633663366337 0.10902896081771721
0.6348684210526315 0.10959681998864282
0.6360655737704918 0.11016467915956843
0.6339869281045751 0.11016467915956843
0.6351791530944625 0.11073253833049404
0.6363636363636364 0.11130039750141965
0.6375404530744336 0.11186825667234526
0.6387096774193548 0.11243611584327087
0.6366559485530546 0.11243611584327087
0.6346153846153846 0.11243611584327087
0.6357827476038339 0.11300397501419648
0.6337579617834395 0.11300397501419648
0.6349206349206349 0.1135718341851221
0.6329113924050633 0.1135718341851221
0.6340694006309149 0.1141396933560477
0.6352201257861635 0.11470755252697332
0.6363636363636364 0.11527541169789893
0.634375 0.11527541169789893
0.6355140186915887 0.11584327086882454
0.6366459627329193 0.11641113003975014
0.6346749226006192 0.11641113003975014
0.6327160493827161 0.11641113003975014
0.6307692307692307 0.11641113003975014
0.6288343558282209 0.11641113003975014
0.6299694189602446 0.11697898921067575
0.6310975609756098 0.11754684838160136
0.6322188449848024 0.11811470755252697
0.6303030303030303 0.11811470755252697
0.6314199395770392 0.11868256672345258
0.6325301204819277 0.11925042589437819
0.6306306306306306 0.11925042589437819
0.6287425149700598 0.11925042589437819
0.6298507462686567 0.1198182850653038
0.6279761904761905 0.1198182850653038
0.629080118694362 0.12038614423622941
0.6272189349112426 0.12038614423622941
0.6283185840707964 0.12095400340715502
0.6264705882352941 0.12095400340715502
0.6275659824046921 0.12152186257808063
0.6286549707602339 0.12208972174900624
0.6268221574344023 0.12208972174900624
0.627906976744186 0.12265758091993186
0.6289855072463768 0.12322544009085747
0.630057803468208 0.12379329926178308
0.6311239193083573 0.12436115843270869
0.632183908045977 0.1249290176036343
0.6303724928366762 0.1249290176036343
0.6285714285714286 0.1249290176036343
0.6267806267806267 0.1249290176036343
0.625 0.1249290176036343
0.623229461756374 0.1249290176036343
0.6214689265536724 0.1249290176036343
0.6225352112676056 0.1254968767745599
0.6207865168539326 0.1254968767745599
0.6218487394957983 0.1260647359454855
0.6201117318435754 0.1260647359454855
0.6211699164345403 0.12663259511641112
0.6222222222222222 0.12720045428733673
0.6232686980609419 0.12776831345826234
0.6243093922651933 0.12833617262918795
0.6253443526170799 0.12890403180011356
0.6263736263736264 0.12947189097103917
0.6246575342465753 0.12947189097103917
0.6229508196721312 0.12947189097103917
0.6212534059945504 0.12947189097103917
0.6195652173913043 0.12947189097103917
0.6205962059620597 0.13003975014196478
0.6189189189189189 0.13003975014196478
0.6172506738544474 0.13003975014196478
0.6155913978494624 0.13003975014196478
0.613941018766756 0.13003975014196478
0.6122994652406417 0.13003975014196478
0.6106666666666667 0.13003975014196478
0.6090425531914894 0.13003975014196478
0.610079575596817 0.1306076093128904
0.6084656084656085 0.1306076093128904
0.6068601583113457 0.1306076093128904
0.6052631578947368 0.1306076093128904
0.6036745406824147 0.1306076093128904
0.6020942408376964 0.1306076093128904
0.6005221932114883 0.1306076093128904
0.6015625 0.131175468483816
0.6025974025974026 0.13174332765474162
0.6010362694300518 0.13174332765474162
0.599483204134367 0.13174332765474162
0.5979381443298969 0.13174332765474162
0.5989717223650386 0.13231118682566723
0.6 0.13287904599659284
0.59846547314578 0.13287904599659284
0.5994897959183674 0.13344690516751845
0.6005089058524173 0.13401476433844406
0.5989847715736041 0.13401476433844406
0.5974683544303797 0.13401476433844406
0.5984848484848485 0.13458262350936967
0.5994962216624685 0.13515048268029528
0.6005025125628141 0.1357183418512209
0.6015037593984962 0.1362862010221465
0.6025 0.1368540601930721
0.600997506234414 0.1368540601930721
0.599502487562189 0.1368540601930721
0.598014888337469 0.1368540601930721
0.5965346534653465 0.1368540601930721
0.5950617283950618 0.1368540601930721
0.5935960591133005 0.1368540601930721
0.5921375921375921 0.1368540601930721
0.5931372549019608 0.13742191936399772
0.5941320293398533 0.13798977853492334
0.5951219512195122 0.13855763770584895
0.5961070559610706 0.13912549687677456
0.5970873786407767 0.13969335604770017
0.5980629539951574 0.14026121521862578
0.5990338164251208 0.1408290743895514
0.6 0.141396933560477
0.6009615384615384 0.1419647927314026
0.5995203836930456 0.1419647927314026
0.5980861244019139 0.1419647927314026
0.5990453460620525 0.14253265190232822
0.5976190476190476 0.14253265190232822
0.5961995249406176 0.14253265190232822
0.5971563981042654 0.14310051107325383
0.5957446808510638 0.14310051107325383
0.5943396226415094 0.14310051107325383
0.5929411764705882 0.14310051107325383
0.5938967136150235 0.14366837024417944
0.5925058548009368 0.14366837024417944
0.5911214953271028 0.14366837024417944
0.5920745920745921 0.14423622941510506
0.5930232558139535 0.14480408858603067
0.5916473317865429 0.14480408858603067
0.5902777777777778 0.14480408858603067
0.5912240184757506 0.14537194775695628
0.5898617511520737 0.14537194775695628
0.5908045977011495 0.1459398069278819
0.591743119266055 0.1465076660988075
0.5926773455377574 0.1470755252697331
0.593607305936073 0.14764338444065872
0.5945330296127562 0.14821124361158433
0.5931818181818181 0.14821124361158433
0.5918367346938775 0.14821124361158433
0.5904977375565611 0.14821124361158433
0.5891647855530474 0.14821124361158433
0.5878378378378378 0.14821124361158433
0.5865168539325842 0.14821124361158433
0.5874439461883408 0.14877910278250994
0.5861297539149888 0.14877910278250994
0.5848214285714286 0.14877910278250994
0.5857461024498887 0.14934696195343555
0.5844444444444444 0.14934696195343555
0.5853658536585366 0.14991482112436116
0.584070796460177 0.14991482112436116
0.5849889624724062 0.15048268029528677
0.5837004405286343 0.15048268029528677
0.5824175824175825 0.15048268029528677
0.5833333333333334 0.15105053946621239
0.5842450765864332 0.151618398637138
0.5851528384279476 0.1521862578080636
0.5860566448801743 0.15275411697898922
0.5869565217391305 0.15332197614991483
0.5856832971800434 0.15332197614991483
0.5865800865800865 0.15388983532084044
0.5853131749460043 0.15388983532084044
0.584051724137931 0.15388983532084044
0.5849462365591398 0.15445769449176605
0.5836909871244635 0.15445769449176605
0.582441113490364 0.15445769449176605
0.5811965811965812 0.15445769449176605
0.579957356076759 0.15445769449176605
0.5787234042553191 0.15445769449176605
0.5796178343949044 0.15502555366269166
0.5805084745762712 0.15559341283361727
0.5813953488372093 0.15616127200454288
0.5822784810126582 0.1567291311754685
0.5810526315789474 0.1567291311754685
0.5819327731092437 0.1572969903463941
0.5828092243186582 0.15786484951731972
0.5836820083682008 0.15843270868824533
0.5845511482254697 0.15900056785917094
0.5833333333333334 0.15900056785917094
0.5821205821205822 0.15900056785917094
0.5809128630705395 0.15900056785917094
0.5797101449275363 0.15900056785917094
0.5805785123966942 0.15956842703009655
0.5814432989690722 0.16013628620102216
0.5823045267489712 0.16070414537194777
0.5811088295687885 0.16070414537194777
0.5799180327868853 0.16070414537194777
0.5787321063394683 0.16070414537194777
0.5775510204081633 0.16070414537194777
0.5784114052953157 0.16127200454287335
0.5772357723577236 0.16127200454287335
0.5780933062880325 0.16183986371379896
0.5769230769230769 0.16183986371379896
0.5777777777777777 0.16240772288472458
0.5786290322580645 0.1629755820556502
0.5774647887323944 0.1629755820556502
0.5783132530120482 0.1635434412265758
0.5791583166332666 0.1641113003975014
0.58 0.16467915956842702
0.5808383233532934 0.16524701873935263
0.5796812749003984 0.16524701873935263
0.5785288270377733 0.16524701873935263
0.5773809523809523 0.16524701873935263
0.5782178217821782 0.16581487791027824
0.5770750988142292 0.16581487791027824
0.5759368836291914 0.16581487791027824
0.5748031496062992 0.16581487791027824
0.5756385068762279 0.16638273708120385
0.5764705882352941 0.16695059625212946
0.5772994129158513 0.16751845542305507
0.576171875 0.16751845542305507
0.5769980506822612 0.16808631459398068
0.5758754863813229 0.16808631459398068
0.574757281553398 0.16808631459398068
0.5755813953488372 0.1686541737649063
0.5764023210831721 0.1692220329358319
0.5752895752895753 0.1692220329358319
0.5741811175337187 0.1692220329358319
0.575 0.16978989210675752
0.5758157389635317 0.17035775127768313
0.5766283524904214 0.17092561044860874
0.5774378585086042 0.17149346961953435
0.5763358778625954 0.17149346961953435
0.5752380952380952 0.17149346961953435
0.5741444866920152 0.17149346961953435
0.573055028462998 0.17149346961953435
0.571969696969697 0.17149346961953435
0.5708884688090737 0.17149346961953435
0.5716981132075472 0.17206132879045996
0.5725047080979284 0.17262918796138557
0.5733082706766918 0.17319704713231118
0.574108818011257 0.1737649063032368
0.5730337078651685 0.1737649063032368
0.5719626168224299 0.1737649063032368
0.5727611940298507 0.1743327654741624
0.5735567970204841 0.17490062464508802
0.5743494423791822 0.17546848381601363
0.5732838589981447 0.17546848381601363
0.5740740740740741 0.17603634298693924
0.5730129390018485 0.17603634298693924
0.5719557195571956 0.17603634298693924
0.572744014732965 0.17660420215786485
0.5735294117647058 0.17717206132879046
0.5724770642201835 0.17717206132879046
0.5714285714285714 0.17717206132879046
0.5722120658135283 0.17773992049971607
0.572992700729927 0.17830777967064168
0.5737704918032787 0.1788756388415673
0.5727272727272728 0.1788756388415673
0.573502722323049 0.1794434980124929
0.5742753623188406 0.1800113571834185
0.5732368896925859 0.1800113571834185
0.5740072202166066 0.18057921635434412
0.5747747747747748 0.18114707552526974
0.5737410071942446 0.18114707552526974
0.5727109515260324 0.18114707552526974
0.5716845878136201 0.18114707552526974
0.5706618962432916 0.18114707552526974
0.5714285714285714 0.18171493469619535
0.5721925133689839 0.18228279386712096
0.5711743772241993 0.18228279386712096
0.5701598579040853 0.18228279386712096
0.5709219858156028 0.18285065303804657
0.5716814159292035 0.18341851220897218
0.5724381625441696 0.1839863713798978
0.5731922398589065 0.1845542305508234
0.573943661971831 0.185122089721749
0.5746924428822495 0.18568994889267462
0.5754385964912281 0.18625780806360023
0.574430823117338 0.18625780806360023
0.5734265734265734 0.18625780806360023
0.5724258289703316 0.18625780806360023
0.5714285714285714 0.18625780806360023
0.5721739130434783 0.18682566723452584
0.5729166666666666 0.18739352640545145
0.5719237435008665 0.18739352640545145
0.5709342560553633 0.18739352640545145
0.5699481865284974 0.18739352640545145
0.5689655172413793 0.18739352640545145
0.5697074010327022 0.18796138557637707
0.570446735395189 0.18852924474730268
0.5711835334476844 0.1890971039182283
0.571917808219178 0.1896649630891539
0.5726495726495726 0.1902328222600795
0.5716723549488054 0.1902328222600795
0.5706984667802385 0.1902328222600795
0.5697278911564626 0.1902328222600795
0.5704584040747029 0.19080068143100512
0.5711864406779661 0.19136854060193073
0.5702199661590525 0.19136854060193073
0.5692567567567568 0.19136854060193073
0.5699831365935919 0.19193639977285634
0.5707070707070707 0.19250425894378195
0.5697478991596638 0.19250425894378195
0.5704697986577181 0.19307211811470756
0.5711892797319933 0.19363997728563317
0.5702341137123745 0.19363997728563317
0.5709515859766278 0.19420783645655879
0.57 0.19420783645655879
0.5707154742096506 0.1947756956274844
0.5697674418604651 0.1947756956274844
0.5704809286898839 0.19534355479841
0.5711920529801324 0.19591141396933562
0.571900826446281 0.1964792731402612
0.5726072607260726 0.1970471323111868
0.57166392092257 0.1970471323111868
0.5707236842105263 0.1970471323111868
0.5714285714285714 0.19761499148211242
0.5721311475409836 0.19818285065303803
0.5728314238952537 0.19875070982396364
0.5735294117647058 0.19931856899488926
0.5725938009787929 0.19931856899488926
0.5716612377850163 0.19931856899488926
0.5707317073170731 0.19931856899488926
0.5714285714285714 0.19988642816581487
0.5705024311183144 0.19988642816581487
0.56957928802589 0.19988642816581487
0.568659127625202 0.19988642816581487
0.567741935483871 0.19988642816581487
0.5684380032206119 0.20045428733674048
0.567524115755627 0.20045428733674048
0.5682182985553772 0.2010221465076661
0.5673076923076923 0.2010221465076661
0.5664 0.2010221465076661
0.5670926517571885 0.2015900056785917
0.5661881977671451 0.2015900056785917
0.5668789808917197 0.2021578648495173
0.5659777424483307 0.2021578648495173
0.5666666666666667 0.20272572402044292
0.5657686212361331 0.20272572402044292
0.564873417721519 0.20272572402044292
0.5655608214849921 0.20329358319136853
0.5662460567823344 0.20386144236229414
0.5669291338582677 0.20442930153321975
0.5676100628930818 0.20499716070414536
0.5682888540031397 0.20556501987507098
0.567398119122257 0.20556501987507098
0.5665101721439749 0.20556501987507098
0.5671875 0.2061328790459966
0.5678627145085804 0.2067007382169222
0.5669781931464174 0.2067007382169222
0.5660964230171073 0.2067007382169222
0.5652173913043478 0.2067007382169222
0.5658914728682171 0.2072685973878478
0.565015479876161 0.2072685973878478
0.5656877897990726 0.20783645655877342
0.5648148148148148 0.20783645655877342
0.5639445300462249 0.20783645655877342
0.563076923076923 0.20783645655877342
0.5622119815668203 0.20783645655877342
0.5613496932515337 0.20783645655877342
0.5604900459418071 0.20783645655877342
0.5596330275229358 0.20783645655877342
0.5603053435114503 0.20840431572969903
0.5609756097560976 0.20897217490062464
0.5601217656012176 0.20897217490062464
0.5592705167173252 0.20897217490062464
0.5584218512898331 0.20897217490062464
0.5575757575757576 0.20897217490062464
0.556732223903177 0.20897217490062464
0.5558912386706949 0.20897217490062464
0.5565610859728507 0.20954003407155025
0.5557228915662651 0.20954003407155025
0.5548872180451128 0.20954003407155025
0.5540540540540541 0.20954003407155025
0.5547226386806596 0.21010789324247586
0.5538922155688623 0.21010789324247586
0.554559043348281 0.21067575241340147
0.5552238805970149 0.21124361158432708
0.5543964232488823 0.21124361158432708
0.5535714285714286 0.21124361158432708
0.5527488855869243 0.21124361158432708
0.5534124629080118 0.2118114707552527
0.5525925925925926 0.2118114707552527
0.5517751479289941 0.2118114707552527
0.55096011816839 0.2118114707552527
0.5501474926253688 0.2118114707552527
0.5508100147275405 0.2123793299261783
0.55 0.2123793299261783
0.5491923641703378 0.2123793299261783
0.5483870967741935 0.2123793299261783
0.5475841874084919 0.2123793299261783
0.5482456140350878 0.21294718909710392
0.5489051094890511 0.21351504826802953
0.5495626822157434 0.21408290743895514
0.5487627365356623 0.21408290743895514
0.5494186046511628 0.21465076660988075
0.548621190130624 0.21465076660988075
0.5478260869565217 0.21465076660988075
0.5470332850940666 0.21465076660988075
0.546242774566474 0.21465076660988075
0.5468975468975469 0.21521862578080636
0.5461095100864554 0.21521862578080636
0.5467625899280576 0.21578648495173197
0.5474137931034483 0.21635434412265758
0.5480631276901005 0.2169222032935832
0.5472779369627507 0.2169222032935832
0.5464949928469242 0.2169222032935832
0.5457142857142857 0.2169222032935832
0.5463623395149786 0.2174900624645088
0.5470085470085471 0.21805792163543442
0.5476529160739687 0.21862578080636003
0.546875 0.21862578080636003
0.5475177304964539 0.21919363997728564
0.5481586402266289 0.21976149914821125
0.5487977369165488 0.22032935831913686
0.5480225988700564 0.22032935831913686
0.5486600846262342 0.22089721749006247
0.547887323943662 0.22089721749006247
0.5471167369901547 0.22089721749006247
0.547752808988764 0.22146507666098808
0.5469845722300141 0.22146507666098808
0.5462184873949579 0.22146507666098808
0.5468531468531469 0.2220329358319137
0.547486033519553 0.2226007950028393
0.5481171548117155 0.2231686541737649
0.5473537604456824 0.2231686541737649
0.5465924895688457 0.2231686541737649
0.5458333333333333 0.2231686541737649
0.5464632454923717 0.22373651334469052
0.5457063711911357 0.22373651334469052
0.5449515905947441 0.22373651334469052
0.5455801104972375 0.22430437251561613
0.5448275862068965 0.22430437251561613
0.5440771349862259 0.22430437251561613
0.5447042640990372 0.22487223168654175
0.5439560439560439 0.22487223168654175
0.5445816186556928 0.22544009085746736
0.5438356164383562 0.22544009085746736
0.5430916552667578 0.22544009085746736
0.5423497267759563 0.22544009085746736
0.5416098226466576 0.22544009085746736
0.5408719346049047 0.22544009085746736
0.5414965986394558 0.22600795002839297
0.5421195652173914 0.22657580919931858
0.5413839891451832 0.22657580919931858
0.5420054200542005 0.2271436683702442
0.5412719891745602 0.2271436683702442
0.5405405405405406 0.2271436683702442
0.5398110661268556 0.2271436683702442
0.5404312668463612 0.2277115275411698
0.5410497981157469 0.2282793867120954
0.5403225806451613 0.2282793867120954
0.5395973154362416 0.2282793867120954
0.5388739946380697 0.2282793867120954
0.5381526104417671 0.2282793867120954
0.5387700534759359 0.22884724588302102
0.5393858477970628 0.22941510505394663
0.54 0.22998296422487224
0.5392809587217043 0.22998296422487224
0.538563829787234 0.22998296422487224
0.5391766268260292 0.23055082339579785
0.5384615384615384 0.23055082339579785
0.5377483443708609 0.23055082339579785
0.5370370370370371 0.23055082339579785
0.5376486129458389 0.23111868256672347
0.5369393139841688 0.23111868256672347
0.5362318840579711 0.23111868256672347
0.5355263157894737 0.23111868256672347
0.5361366622864652 0.23168654173764908
0.5354330708661418 0.23168654173764908
0.5347313237221494 0.23168654173764908
0.5353403141361257 0.23225440090857466
0.5359477124183006 0.23282226007950027
0.5365535248041775 0.23339011925042588
0.5371577574967406 0.2339579784213515
0.5364583333333334 0.2339579784213515
0.5357607282184655 0.2339579784213515
0.5363636363636364 0.2345258375922771
0.5356679636835279 0.2345258375922771
0.5349740932642487 0.2345258375922771
0.5342820181112549 0.2345258375922771
0.5335917312661499 0.2345258375922771
0.5341935483870968 0.23509369676320271
0.5347938144329897 0.23566155593412833
0.5341055341055341 0.23566155593412833
0.5347043701799485 0.23622941510505394
0.5353016688061617 0.23679727427597955
0.5358974358974359 0.23736513344690516
0.5352112676056338 0.23736513344690516
0.5345268542199488 0.23736513344690516
0.5338441890166028 0.23736513344690516
0.5331632653061225 0.23736513344690516
0.5337579617834395 0.23793299261783077
0.5330788804071247 0.23793299261783077
0.5324015247776366 0.23793299261783077
0.5317258883248731 0.23793299261783077
0.5310519645120405 0.23793299261783077
0.5303797468354431 0.23793299261783077
0.5297092288242731 0.23793299261783077
0.5290404040404041 0.23793299261783077
0.5283732660781841 0.23793299261783077
0.5277078085642317 0.23793299261783077
0.5270440251572327 0.23793299261783077
0.5263819095477387 0.23793299261783077
0.5269761606022585 0.23850085178875638
0.5263157894736842 0.23850085178875638
0.5256570713391739 0.23850085178875638
0.525 0.23850085178875638
0.5255930087390761 0.239068710959682
0.5249376558603491 0.239068710959682
0.5242839352428393 0.239068710959682
0.5236318407960199 0.239068710959682
0.5242236024844721 0.2396365701306076
0.5235732009925558 0.2396365701306076
0.5241635687732342 0.2402044293015332
0.5235148514851485 0.2402044293015332
0.522867737948084 0.2402044293015332
0.5234567901234568 0.24077228847245882
0.5228113440197287 0.24077228847245882
0.5233990147783252 0.24134014764338443
0.5227552275522755 0.24134014764338443
0.5233415233415234 0.24190800681431004
0.5226993865030675 0.24190800681431004
0.5220588235294118 0.24190800681431004
0.5226438188494492 0.24247586598523566
0.5232273838630807 0.24304372515616127
0.5225885225885226 0.24304372515616127
0.5231707317073171 0.24361158432708688
0.5237515225334958 0.2441794434980125
0.5231143552311436 0.2441794434980125
0.5236938031591738 0.2447473026689381
0.5230582524271845 0.2447473026689381
0.5236363636363637 0.2453151618398637
0.5242130750605327 0.24588302101078932
0.5235792019347038 0.24588302101078932
0.5241545893719807 0.24645088018171493
0.5235223160434258 0.24645088018171493
0.5240963855421686 0.24701873935264054
0.5246690734055355 0.24758659852356615
0.5240384615384616 0.24758659852356615
0.5234093637454982 0.24758659852356615
0.5239808153477218 0.24815445769449176
0.5233532934131736 0.24815445769449176
0.5227272727272727 0.24815445769449176
0.5232974910394266 0.24872231686541738
0.522673031026253 0.24872231686541738
0.5220500595947557 0.24872231686541738
0.5214285714285715 0.24872231686541738
0.5219976218787158 0.249290176036343
0.5213776722090261 0.249290176036343
0.5219454329774614 0.2498580352072686
0.5213270142180095 0.2498580352072686
0.5218934911242603 0.2504258943781942
0.5224586288416075 0.2509937535491198
0.5230224321133412 0.2515616127200454
0.5235849056603774 0.252129471890971
0.5229681978798587 0.252129471890971
0.5235294117647059 0.2526973310618966
0.5229142185663925 0.2526973310618966
0.5223004694835681 0.2526973310618966
0.5216881594372802 0.2526973310618966
0.5210772833723654 0.2526973310618966
0.5216374269005848 0.25326519023282223
0.522196261682243 0.25383304940374785
0.5215869311551925 0.25383304940374785
0.5221445221445221 0.25440090857467346
0.5215366705471478 0.25440090857467346
0.5209302325581395 0.25440090857467346
0.521486643437863 0.25496876774559907
0.5220417633410673 0.2555366269165247
0.5214368482039398 0.2555366269165247
0.5219907407407407 0.2561044860874503
0.522543352601156 0.2566723452583759
0.523094688221709 0.2572402044293015
0.5236447520184544 0.2578080636002271
0.5230414746543779 0.2578080636002271
0.522439585730725 0.2578080636002271
0.5218390804597701 0.2578080636002271
0.521239954075775 0.2578080636002271
0.5206422018348624 0.2578080636002271
0.5211912943871707 0.25837592277115273
0.5205949656750573 0.25837592277115273
0.52 0.25837592277115273
0.5205479452054794 0.25894378194207834
0.5199543899657925 0.25894378194207834
0.5193621867881549 0.25894378194207834
0.5187713310580204 0.25894378194207834
0.5193181818181818 0.25951164111300395
0.5198637911464246 0.26007950028392957
0.5192743764172335 0.26007950028392957
0.5198187995469988 0.2606473594548552
0.5203619909502263 0.2612152186257808
0.519774011299435 0.2612152186257808
0.5191873589164786 0.2612152186257808
0.5186020293122886 0.2612152186257808
0.5180180180180181 0.2612152186257808
0.5174353205849269 0.2612152186257808
0.5179775280898876 0.2617830777967064
0.5185185185185185 0.262350936967632
0.5179372197309418 0.262350936967632
0.5184770436730123 0.2629187961385576
0.5178970917225951 0.2629187961385576
0.5173184357541899 0.2629187961385576
0.5167410714285714 0.2629187961385576
0.5172798216276477 0.26348665530948323
0.5167037861915368 0.26348665530948323
0.5161290322580645 0.26348665530948323
0.5155555555555555 0.26348665530948323
0.516093229744728 0.26405451448040884
0.5155210643015521 0.26405451448040884
0.5149501661129569 0.26405451448040884
0.5154867256637168 0.26462237365133445
0.5149171270718232 0.26462237365133445
0.5143487858719646 0.26462237365133445
0.5137816979051819 0.26462237365133445
0.513215859030837 0.26462237365133445
0.5126512651265126 0.26462237365133445
0.5131868131868131 0.26519023282226006
0.5126234906695939 0.26519023282226006
0.5120614035087719 0.26519023282226006
0.5125958378970427 0.2657580919931857
0.5120350109409191 0.2657580919931857
0.5114754098360655 0.2657580919931857
0.5109170305676856 0.2657580919931857
0.5103598691384951 0.2657580919931857
0.5108932461873639 0.2663259511641113
0.5114254624591947 0.2668938103350369
0.5108695652173914 0.2668938103350369
0.510314875135722 0.2668938103350369
0.5097613882863341 0.2668938103350369
0.5092091007583965 0.2668938103350369
0.5086580086580087 0.2668938103350369
0.5081081081081081 0.2668938103350369
0.5075593952483801 0.2668938103350369
0.5080906148867314 0.2674616695059625
0.5075431034482759 0.2674616695059625
0.5080731969860065 0.2680295286768881
0.5086021505376344 0.26859738784781373
0.5080558539205156 0.26859738784781373
0.5075107296137339 0.26859738784781373
0.5069667738478028 0.26859738784781373
0.5064239828693791 0.26859738784781373
0.5058823529411764 0.26859738784781373
0.5064102564102564 0.26916524701873934
0.5058697972251868 0.26916524701873934
0.5063965884861408 0.26973310618966495
0.5069222577209798 0.27030096536059056
0.5074468085106383 0.2708688245315162
0.5079702444208289 0.2714366837024418
0.5084925690021231 0.2720045428733674
0.5079533404029692 0.2720045428733674
0.5074152542372882 0.2720045428733674
0.5068783068783069 0.2720045428733674
0.5063424947145877 0.2720045428733674
0.5058078141499472 0.2720045428733674
0.5052742616033755 0.2720045428733674
0.5047418335089568 0.2720045428733674
0.5042105263157894 0.2720045428733674
0.5047318611987381 0.272572402044293
0.5042016806722689 0.272572402044293
0.5036726128016789 0.272572402044293
0.5031446540880503 0.272572402044293
0.5026178010471204 0.272572402044293
0.502092050209205 0.272572402044293
0.5026123301985371 0.2731402612152186
0.5020876826722338 0.2731402612152186
0.5015641293013556 0.2731402612152186
0.5010416666666667 0.2731402612152186
0.5005202913631633 0.2731402612152186
0.5 0.2731402612152186
0.5005192107995846 0.2737081203861442
0.5 0.2737081203861442
0.5005181347150259 0.27427597955706984
0.5 0.27427597955706984
0.49948293691830403 0.27427597955706984
0.4989669421487603 0.27427597955706984
0.49948400412796695 0.27484383872799545
0.5 0.27541169789892106
0.5005149330587023 0.27597955706984667
0.5 0.27597955706984667
0.499486125385406 0.27597955706984667
0.4989733059548255 0.27597955706984667
0.49948717948717947 0.2765474162407723
0.4989754098360656 0.2765474162407723
0.4984646878198567 0.2765474162407723
0.49795501022494887 0.2765474162407723
0.4974463738508682 0.2765474162407723
0.49795918367346936 0.2771152754116979
0.4984709480122324 0.2776831345826235
0.4979633401221996 0.2776831345826235
0.49745676500508645 0.2776831345826235
0.4969512195121951 0.2776831345826235
0.4964467005076142 0.2776831345826235
0.49594320486815413 0.2776831345826235
0.49645390070921985 0.2782509937535491
0.4959514170040486 0.2782509937535491
0.4954499494438827 0.2782509937535491
0.494949494949495 0.2782509937535491
0.4944500504540868 0.2782509937535491
0.4949596774193548 0.2788188529244747
0.4954682779456193 0.27938671209540034
0.4959758551307847 0.27995457126632595
0.49547738693467336 0.27995457126632595
0.49497991967871485 0.27995457126632595
0.4954864593781344 0.28052243043725156
0.49599198396793587 0.28109028960817717
0.4954954954954955 0.28109028960817717
0.496 0.2816581487791028
0.4955044955044955 0.2816581487791028
0.49500998003992014 0.2816581487791028
0.4955134596211366 0.2822260079500284
0.4950199203187251 0.2822260079500284
0.4955223880597015 0.282793867120954
0.49502982107355864 0.282793867120954
0.4945382323733863 0.282793867120954
0.49404761904761907 0.282793867120954
0.49355797819623387 0.282793867120954
0.49405940594059405 0.2833617262918796
0.49455984174085066 0.2839295854628052
0.4950592885375494 0.28449744463373083
0.4945705824284304 0.28449744463373083
0.4940828402366864 0.28449744463373083
0.4945812807881773 0.28506530380465644
0.4950787401574803 0.28563316297558206
0.49557522123893805 0.28620102214650767
0.4960707269155206 0.2867688813174333
0.4955839057899902 0.2867688813174333
0.49607843137254903 0.2873367404883589
0.49559255631733595 0.2873367404883589
0.49608610567514677 0.2879045996592845
0.4965786901270772 0.2884724588302101
0.4970703125 0.2890403180011357
0.49658536585365853 0.2890403180011357
0.49610136452241715 0.2890403180011357
0.495618305744888 0.2890403180011357
0.49513618677042803 0.2890403180011357
0.4946550048590865 0.2890403180011357
0.49514563106796117 0.28960817717206133
0.49466537342386036 0.28960817717206133
0.4941860465116279 0.28960817717206133
0.494675701839303 0.29017603634298694
0.4941972920696325 0.29017603634298694
0.49371980676328503 0.29017603634298694
0.49324324324324326 0.29017603634298694
0.4927675988428158 0.29017603634298694
0.49229287090558765 0.29017603634298694
0.4918190567853705 0.29017603634298694
0.49230769230769234 0.29074389551391255
0.4918347742555235 0.29074389551391255
0.491362763915547 0.29074389551391255
0.49089165867689355 0.29074389551391255
0.49137931034482757 0.29131175468483816
0.49186602870813395 0.2918796138557638
0.49235181644359466 0.2924474730266894
0.4918815663801337 0.2924474730266894
0.491412213740458 0.2924474730266894
0.4918970448045758 0.293015332197615
0.49142857142857144 0.293015332197615
0.49096098953377737 0.293015332197615
0.49049429657794674 0.293015332197615
0.49002849002849 0.293015332197615
0.48956356736242884 0.293015332197615
0.4900473933649289 0.2935831913685406
0.4895833333333333 0.2935831913685406
0.489120151371807 0.2935831913685406
0.4886578449905482 0.2935831913685406
0.48819641170915956 0.2935831913685406
0.48867924528301887 0.2941510505394662
0.4882186616399623 0.2941510505394662
0.4887005649717514 0.29471890971039183
0.48824082784571965 0.29471890971039183
0.48872180451127817 0.29528676888131744
0.4892018779342723 0.29585462805224305
0.4896810506566604 0.29642248722316866
0.4901593252108716 0.2969903463940943
0.4897003745318352 0.2969903463940943
0.4892422825070159 0.2969903463940943
0.4897196261682243 0.2975582055650199
0.4892623716153128 0.2975582055650199
0.48880597014925375 0.2975582055650199
0.48835041938490215 0.2975582055650199
0.48789571694599626 0.2975582055650199
0.4883720930232558 0.2981260647359455
0.4879182156133829 0.2981260647359455
0.4883936861652739 0.2986939239068711
0.48886827458256027 0.2992617830777967
0.48841519925857274 0.2992617830777967
0.4888888888888889 0.29982964224872233
0.48936170212765956 0.30039750141964794
0.488909426987061 0.30039750141964794
0.4884579870729455 0.30039750141964794
0.488929889298893 0.30096536059057355
0.48847926267281105 0.30096536059057355
0.4880294659300184 0.30096536059057355
0.48758049678012877 0.30096536059057355
0.48713235294117646 0.30096536059057355
0.4866850321395776 0.30096536059057355
0.48623853211009177 0.30096536059057355
0.4857928505957837 0.30096536059057355
0.48626373626373626 0.30153321976149916
0.48581884720951507 0.30153321976149916
0.48628884826325414 0.30210107893242477
0.4858447488584475 0.30210107893242477
0.4863138686131387 0.3026689381033504
0.48587055606198726 0.3026689381033504
0.4854280510018215 0.3026689381033504
0.48498635122838946 0.3026689381033504
0.48545454545454547 0.303236797274276
0.48501362397820164 0.303236797274276
0.484573502722323 0.303236797274276
0.4841341795104261 0.303236797274276
0.4846014492753623 0.3038046564452016
0.4841628959276018 0.3038046564452016
0.4837251356238698 0.3038046564452016
0.48419150858175247 0.3043725156161272
0.48375451263537905 0.3043725156161272
0.4833183047790803 0.3043725156161272
0.4828828828828829 0.3043725156161272
0.48244824482448245 0.3043725156161272
0.4829136690647482 0.3049403747870528
0.48247978436657685 0.3049403747870528
0.4829443447037702 0.30550823395797844
0.48251121076233183 0.30550823395797844
0.4829749103942652 0.30607609312890405
0.4834377797672337 0.30664395229982966
0.48300536672629696 0.30664395229982966
0.48257372654155495 0.30664395229982966
0.48214285714285715 0.30664395229982966
0.4817127564674398 0.30664395229982966
0.482174688057041 0.30721181147075527
0.4817453250222618 0.30721181147075527
0.48131672597864766 0.30721181147075527
0.4817777777777778 0.3077796706416809
0.4822380106571936 0.3083475298126065
0.48269742679680566 0.3089153889835321
0.48226950354609927 0.3089153889835321
0.48272807794508416 0.3094832481544577
0.4831858407079646 0.3100511073253833
0.4827586206896552 0.3100511073253833
0.4823321554770318 0.3100511073253833
0.48278905560458957 0.31061896649630893
0.48236331569664903 0.31061896649630893
0.4828193832599119 0.31118682566723455
0.48327464788732394 0.31175468483816016
0.48284960422163586 0.31175468483816016
0.48242530755711777 0.31175468483816016
0.4820017559262511 0.31175468483816016
0.48157894736842105 0.31175468483816016
0.48115687992988604 0.31175468483816016
0.4807355516637478 0.31175468483816016
0.48118985126859143 0.31232254400908577
0.48164335664335667 0.3128904031800114
0.4812227074235808 0.3128904031800114
0.48080279232111695 0.3128904031800114
0.4803836094158675 0.3128904031800114
0.4799651567944251 0.3128904031800114
0.4804177545691906 0.313458262350937
0.48 0.313458262350937
0.4795829713292789 0.313458262350937
0.4800347222222222 0.3140261215218626
0.47961838681699914 0.3140261215218626
0.4800693240901213 0.3145939806927882
0.47965367965367967 0.3145939806927882
0.47923875432525953 0.3145939806927882
0.4788245462402766 0.3145939806927882
0.4792746113989637 0.3151618398637138
0.47886108714408976 0.3151618398637138
0.4793103448275862 0.31572969903463943
0.4788975021533161 0.31572969903463943
0.4793459552495697 0.31629755820556504
0.47893379191745483 0.31629755820556504
0.47852233676975947 0.31629755820556504
0.4781115879828326 0.31629755820556504
0.4777015437392796 0.31629755820556504
0.4772922022279349 0.31629755820556504
0.4777397260273973 0.31686541737649065
0.4773310521813516 0.31686541737649065
0.47692307692307695 0.31686541737649065
0.47651579846285225 0.31686541737649065
0.4761092150170648 0.31686541737649065
0.47655583972719523 0.31743327654741627
0.47614991482112434 0.31743327654741627
0.4757446808510638 0.31743327654741627
0.47534013605442177 0.31743327654741627
0.47578589634664403 0.3180011357183419
0.47538200339558573 0.3180011357183419
0.47497879558948264 0.3180011357183419
0.4745762711864407 0.3180011357183419
0.4741744284504657 0.3180011357183419
0.4746192893401015 0.3185689948892675
0.474218089602705 0.3185689948892675
0.47381756756756754 0.3185689948892675
0.47341772151898737 0.3185689948892675
0.47386172006745364 0.3191368540601931
0.4734625105307498 0.3191368540601931
0.4739057239057239 0.3197047132311187
0.4735071488645921 0.3197047132311187
0.473109243697479 0.3197047132311187
0.4727120067170445 0.3197047132311187
0.47231543624161076 0.3197047132311187
0.4719195305951383 0.3197047132311187
0.4715242881072027 0.3197047132311187
0.4719665271966527 0.3202725724020443
0.47157190635451507 0.3202725724020443
0.47201336675020883 0.32084043157296993
0.4724540901502504 0.32140829074389554
0.47206005004170143 0.32140829074389554
0.4716666666666667 0.32140829074389554
0.47127393838467946 0.32140829074389554
0.47088186356073214 0.32140829074389554
0.4704904405652535 0.32140829074389554
0.4700996677740864 0.32140829074389554
0.4705394190871369 0.3219761499148211
0.4701492537313433 0.3219761499148211
0.46975973487986744 0.3219761499148211
0.47019867549668876 0.3225440090857467
0.46980976013234077 0.3225440090857467
0.46942148760330576 0.3225440090857467
0.4690338563170933 0.3225440090857467
0.46864686468646866 0.3225440090857467
0.4682605111294312 0.3225440090857467
0.46787479406919275 0.3225440090857467
0.4683127572016461 0.3231118682566723
0.46792763157894735 0.3231118682566723
0.4683648315529992 0.32367972742759793
0.4688013136288998 0.32424758659852354
0.46841673502871206 0.32424758659852354
0.46885245901639344 0.32481544576944915
0.4692874692874693 0.32538330494037476
0.46890343698854337 0.32538330494037476
0.4693376941946034 0.3259511641113004
0.46977124183006536 0.326519023282226
0.47020408163265304 0.3270868824531516
0.4706362153344209 0.3276547416240772
0.4702526487367563 0.3276547416240772
0.46986970684039087 0.3276547416240772
0.47030105777054515 0.3282226007950028
0.46991869918699186 0.3282226007950028
0.4695369618196588 0.3282226007950028
0.46915584415584416 0.3282226007950028
0.46877534468775345 0.3282226007950028
0.4683954619124797 0.3282226007950028
0.4680161943319838 0.3282226007950028
0.46763754045307443 0.3282226007950028
0.46725949878738887 0.3282226007950028
0.4668820678513732 0.3282226007950028
0.4665052461662631 0.3282226007950028
0.4661290322580645 0.3282226007950028
0.4665592264302981 0.3287904599659284
0.4669887278582931 0.32935831913685404
0.4666130329847144 0.32935831913685404
0.4670418006430868 0.32992617830777965
0.4674698795180723 0.33049403747870526
0.4678972712680578 0.33106189664963087
0.46752205292702487 0.33106189664963087
0.46794871794871795 0.3316297558205565
0.46837469975980783 0.3321976149914821
0.468 0.3321976149914821
0.46842525979216626 0.3327654741624077
0.4680511182108626 0.3327654741624077
0.4676775738228252 0.3327654741624077
0.46810207336523124 0.3333333333333333
0.46772908366533866 0.3333333333333333
0.4681528662420382 0.3339011925042589
0.46857597454256167 0.33446905167518454
0.4682034976152623 0.33446905167518454
0.46783161239078636 0.33446905167518454
0.46746031746031746 0.33446905167518454
0.46788263283108644 0.33503691084611015
0.4675118858954041 0.33503691084611015
0.4679334916864608 0.33560477001703576
0.46835443037974683 0.33617262918796137
0.4679841897233202 0.33617262918796137
0.4676145339652449 0.33617262918796137
0.46724546172059983 0.33617262918796137
0.4676656151419558 0.336740488358887
0.46808510638297873 0.3373083475298126
0.46771653543307085 0.3373083475298126
0.46734854445318647 0.3373083475298126
0.46776729559748426 0.3378762067007382
0.4673998428908091 0.3378762067007382
0.46703296703296704 0.3378762067007382
0.4666666666666667 0.3378762067007382
0.4663009404388715 0.3378762067007382
0.4659357870007831 0.3378762067007382
0.46557120500782473 0.3378762067007382
0.4652071931196247 0.3378762067007382
0.46484375 0.3378762067007382
0.4644808743169399 0.3378762067007382
0.4641185647425897 0.3378762067007382
0.4637568199532346 0.3378762067007382
0.4633956386292835 0.3378762067007382
0.46303501945525294 0.3378762067007382
0.46267496111975115 0.3378762067007382
0.4630924630924631 0.3384440658716638
0.46273291925465837 0.3384440658716638
0.46237393328161364 0.3384440658716638
0.462015503875969 0.3384440658716638
0.4616576297443842 0.3384440658716638
0.46207430340557276 0.3390119250425894
0.4617169373549884 0.3390119250425894
0.4613601236476043 0.3390119250425894
0.461003861003861 0.3390119250425894
0.46064814814814814 0.3390119250425894
0.4602929838087895 0.3390119250425894
0.46070878274268107 0.33957978421351503
0.4603541185527329 0.33957978421351503
0.46 0.33957978421351503
0.45964642582628745 0.33957978421351503
0.46006144393241166 0.34014764338444065
0.4604758250191865 0.34071550255536626
0.4601226993865031 0.34071550255536626
0.45977011494252873 0.34071550255536626
0.45941807044410415 0.34071550255536626
0.4590665646518745 0.34071550255536626
0.45871559633027525 0.34071550255536626
0.45836516424751717 0.34071550255536626
0.4580152671755725 0.34071550255536626
0.4576659038901602 0.34071550255536626
0.4573170731707317 0.34071550255536626
0.456968773800457 0.34071550255536626
0.4573820395738204 0.34128336172629187
0.4570342205323194 0.34128336172629187
0.4574468085106383 0.3418512208972175
0.45785876993166286 0.3424190800681431
0.4575113808801214 0.3424190800681431
0.45716451857467777 0.3424190800681431
0.4575757575757576 0.3429869392390687
0.4579863739591219 0.3435547984099943
0.4576399394856278 0.3435547984099943
0.45729402872260017 0.3435547984099943
0.4569486404833837 0.3435547984099943
0.45660377358490567 0.3435547984099943
0.45701357466063347 0.3441226575809199
0.4566691785983421 0.3441226575809199
0.4563253012048193 0.3441226575809199
0.45598194130925507 0.3441226575809199
0.4556390977443609 0.3441226575809199
0.4552967693463561 0.3441226575809199
0.45495495495495497 0.3441226575809199
0.45461365341335336 0.3441226575809199
0.4550224887556222 0.34469051675184553
0.45468164794007493 0.34469051675184553
0.45434131736526945 0.34469051675184553
0.45400149588631267 0.34469051675184553
0.45366218236173395 0.34469051675184553
0.4540702016430172 0.34525837592277114
0.4537313432835821 0.34525837592277114
0.453392990305742 0.34525837592277114
0.45305514157973176 0.34525837592277114
0.4527177959791511 0.34525837592277114
0.453125 0.34582623509369675
0.4527881040892193 0.34582623509369675
0.4524517087667162 0.34582623509369675
0.4521158129175947 0.34582623509369675
0.45178041543026703 0.34582623509369675
0.45218680504077097 0.34639409426462237
0.45185185185185184 0.34639409426462237
0.45225758697261287 0.346961953435548
0.4519230769230769 0.346961953435548
0.4523281596452328 0.3475298126064736
0.4519940915805022 0.3475298126064736
0.45239852398523983 0.3480976717773992
0.45206489675516226 0.3480976717773992
0.4524686809137804 0.3486655309483248
0.4521354933726068 0.3486655309483248
0.4518027961736571 0.3486655309483248
0.4514705882352941 0.3486655309483248
0.45113886847905954 0.3486655309483248
0.45080763582966227 0.3486655309483248
0.450476889214967 0.3486655309483248
0.4501466275659824 0.3486655309483248
0.44981684981684983 0.3486655309483248
0.4494875549048316 0.3486655309483248
0.4498902706656913 0.3492333901192504
0.44956140350877194 0.3492333901192504
0.44996347699050404 0.34980124929017603
0.45036496350364963 0.35036910846110164
0.450036469730124 0.35036910846110164
0.44970845481049565 0.35036910846110164
0.4493809176984705 0.35036910846110164
0.44905385735080056 0.35036910846110164
0.44945454545454544 0.35093696763202725
0.4491279069767442 0.35093696763202725
0.4495279593318809 0.35150482680295286
0.44920174165457183 0.35150482680295286
0.44887599709934733 0.35150482680295286
0.44855072463768114 0.35150482680295286
0.4489500362056481 0.3520726859738785
0.44862518089725034 0.3520726859738785
0.4490238611713666 0.3526405451448041
0.4486994219653179 0.3526405451448041
0.4483754512635379 0.3526405451448041
0.44805194805194803 0.3526405451448041
0.44772891131939435 0.3526405451448041
0.4474063400576369 0.3526405451448041
0.4478041756659467 0.3532084043157297
0.4474820143884892 0.3532084043157297
0.44787922358015814 0.3537762634866553
0.4475574712643678 0.3537762634866553
0.4472361809045226 0.3537762634866553
0.44763271162123386 0.3543441226575809
0.44731182795698926 0.3543441226575809
0.4469914040114613 0.3543441226575809
0.44667143879742305 0.3543441226575809
0.4470672389127325 0.35491198182850653
0.44674767691208006 0.35491198182850653
0.4471428571428571 0.35547984099943214
0.44682369735902927 0.35547984099943214
0.44650499286733236 0.35547984099943214
0.44618674269422665 0.35547984099943214
0.4465811965811966 0.35604770017035775
0.4462633451957295 0.35604770017035775
0.44594594594594594 0.35604770017035775
0.44562899786780386 0.35604770017035775
0.4453125 0.35604770017035775
0.44499645138396027 0.35604770017035775
0.4453900709219858 0.35661555934128336
0.4457831325301205 0.35718341851220897
0.4454674220963173 0.35718341851220897
0.4451521585279547 0.35718341851220897
0.44554455445544555 0.3577512776831346
0.4452296819787986 0.3577512776831346
0.4449152542372881 0.3577512776831346
0.4446012702893437 0.3577512776831346
0.44428772919605075 0.3577512776831346
0.4439746300211416 0.3577512776831346
0.4443661971830986 0.3583191368540602
0.44405348346235046 0.3583191368540602
0.4437412095639944 0.3583191368540602
0.44342937456078707 0.3583191368540602
0.4438202247191011 0.3588869960249858
0.4435087719298246 0.3588869960249858
0.4431977559607293 0.3588869960249858
0.44358794674141555 0.3594548551959114
0.4432773109243697 0.3594548551959114
0.4429671098670399 0.3594548551959114
0.44265734265734263 0.3594548551959114
0.44234800838574423 0.3594548551959114
0.4420391061452514 0.3594548551959114
0.44173063503140264 0.3594548551959114
0.44142259414225943 0.3594548551959114
0.4418118466898955 0.360022714366837
0.4415041782729805 0.360022714366837
0.44119693806541405 0.360022714366837
0.4415855354659249 0.36059057353776264
0.4419735927727589 0.36115843270868825
0.4423611111111111 0.36172629187961386
0.44205412907702984 0.36172629187961386
0.441747572815534 0.36172629187961386
0.44213444213444214 0.36229415105053947
0.44182825484764543 0.36229415105053947
0.44152249134948096 0.36229415105053947
0.4412171507607192 0.36229415105053947
0.44091223220456116 0.36229415105053947
0.44129834254143646 0.3628620102214651
0.4409937888198758 0.3628620102214651
0.4406896551724138 0.3628620102214651
0.44038594073053067 0.3628620102214651
0.44077134986225897 0.3634298693923907
0.4411562284927736 0.3639977285633163
0.4408528198074278 0.3639977285633163
0.44054982817869415 0.3639977285633163
0.44024725274725274 0.3639977285633163
0.43994509265614273 0.3639977285633163
0.4396433470507545 0.3639977285633163
0.4393420150788211 0.3639977285633163
0.43904109589041096 0.3639977285633163
0.43874058863791926 0.3639977285633163
0.4384404924760602 0.3639977285633163
0.4381408065618592 0.3639977285633163
0.4378415300546448 0.3639977285633163
0.43822525597269624 0.3645655877342419
0.4379263301500682 0.3645655877342419
0.4376278118609407 0.3645655877342419
0.4373297002724796 0.3645655877342419
0.43703199455411845 0.3645655877342419
0.43673469387755104 0.3645655877342419
0.43643779741672334 0.3645655877342419
0.4361413043478261 0.3645655877342419
0.43584521384928715 0.3645655877342419
0.4355495251017639 0.3645655877342419
0.4352542372881356 0.3645655877342419
0.4356368563685637 0.3651334469051675
0.43534190927555855 0.3651334469051675
0.43504736129905275 0.3651334469051675
0.4347532116294794 0.3651334469051675
0.43445945945945946 0.3651334469051675
0.43416610398379474 0.3651334469051675
0.4338731443994602 0.3651334469051675
0.4335805799055968 0.3651334469051675
0.4339622641509434 0.36570130607609314
0.43367003367003365 0.36570130607609314
0.43337819650067294 0.36570130607609314
0.433759246805649 0.36626916524701875
0.43413978494623656 0.36683702441794436
0.4338482202820685 0.36683702441794436
0.43355704697986575 0.36683702441794436
0.43326626425217973 0.36683702441794436
0.43297587131367293 0.36683702441794436
0.43268586738111187 0.36683702441794436
0.4323962516733601 0.36683702441794436
0.43277591973244145 0.36740488358886997
0.4324866310160428 0.36740488358886997
0.43286573146292584 0.3679727427597956
0.4325767690253672 0.3679727427597956
0.43295530353569045 0.3685406019307212
0.43266666666666664 0.3685406019307212
0.4323784143904064 0.3685406019307212
0.43275632490013316 0.3691084611016468
0.4324683965402528 0.3691084611016468
0.4321808510638298 0.3691084611016468
0.4318936877076412 0.3691084611016468
0.4316069057104914 0.3691084611016468
0.43132050431320507 0.3691084611016468
0.43103448275862066 0.3691084611016468
0.43074884029158383 0.3691084611016468
0.4304635761589404 0.3691084611016468
0.4301786896095301 0.3691084611016468
0.4298941798941799 0.3691084611016468
0.42961004626569727 0.3691084611016468
0.4299867899603699 0.3696763202725724
0.4297029702970297 0.3696763202725724
0.43007915567282323 0.370244179443498
0.43045484508899146 0.37081203861442363
0.43017127799736493 0.37081203861442363
0.4298880842659645 0.37081203861442363
0.43026315789473685 0.37137989778534924
0.43063773833004604 0.37194775695627486
0.43101182654402104 0.37251561612720047
0.4307288246881156 0.37251561612720047
0.4311023622047244 0.3730834752981261
0.4308196721311475 0.3730834752981261
0.4305373525557012 0.3730834752981261
0.4309102815979044 0.3736513344690517
0.4306282722513089 0.3736513344690517
0.4303466317854807 0.3736513344690517
0.4300653594771242 0.3736513344690517
0.42978445460483344 0.3736513344690517
0.4301566579634465 0.3742191936399773
0.4298760600130463 0.3742191936399773
0.42959582790091266 0.3742191936399773
0.4293159609120521 0.3742191936399773
0.4290364583333333 0.3742191936399773
0.42875731945348083 0.3742191936399773
0.4284785435630689 0.3742191936399773
0.4282001299545159 0.3742191936399773
0.4279220779220779 0.3742191936399773
0.42764438676184297 0.3742191936399773
0.427367055771725 0.3742191936399773
0.4270900842514582 0.3742191936399773
0.4268134715025907 0.3742191936399773
0.42653721682847895 0.3742191936399773
0.42626131953428203 0.3742191936399773
0.4259857789269554 0.3742191936399773
0.4257105943152455 0.3742191936399773
0.42543576500968366 0.3742191936399773
0.4258064516129032 0.3747870528109029
0.425531914893617 0.3747870528109029
0.4252577319587629 0.3747870528109029
0.4256278171281391 0.3753549119818285
0.42535392535392536 0.3753549119818285
0.42508038585209 0.3753549119818285
0.42480719794344474 0.3753549119818285
0.4245343609505459 0.3753549119818285
0.42426187419768935 0.3753549119818285
0.4246311738293778 0.37592277115275413
0.42435897435897435 0.37592277115275413
0.4247277386290839 0.37649063032367974
0.42445582586427655 0.37649063032367974
0.42418426103646834 0.37649063032367974
0.42391304347826086 0.37649063032367974
0.42364217252396164 0.37649063032367974
0.42337164750957856 0.37649063032367974
0.4231014677728143 0.37649063032367974
0.42346938775510207 0.37705848949460535
0.42319949012109626 0.37705848949460535
0.4229299363057325 0.37705848949460535
0.42329726288987907 0.37762634866553096
0.42366412213740456 0.3781942078364566
0.4233947870311507 0.3781942078364566
0.42312579415501905 0.3781942078364566
0.4228571428571429 0.3781942078364566
0.42258883248730966 0.3781942078364566
0.4229549778059607 0.3787620670073822
0.4233206590621039 0.3793299261783078
0.4236858771374288 0.3798977853492334
0.4234177215189873 0.3798977853492334
0.42378241619228335 0.380465644520159
0.42351453855878635 0.380465644520159
0.4232469993682881 0.380465644520159
0.4236111111111111 0.38103350369108463
0.42334384858044166 0.38103350369108463
0.4230769230769231 0.38103350369108463
0.42344045368620037 0.38160136286201024
0.4238035264483627 0.38216922203293585
0.42353681560730017 0.38216922203293585
0.42327044025157234 0.38216922203293585
0.4236329352608422 0.38273708120386146
0.4239949748743719 0.3833049403747871
0.423728813559322 0.3833049403747871
0.4234629861982434 0.3833049403747871
0.4231974921630094 0.3833049403747871
0.42355889724310775 0.3838727995457127
0.4232936756418284 0.3838727995457127
0.4230287859824781 0.3838727995457127
0.42338961851156975 0.3844406587166383
0.423125 0.3844406587166383
0.42286071205496567 0.3844406587166383
0.4225967540574282 0.3844406587166383
0.4223331253898939 0.3844406587166383
0.4226932668329177 0.3850085178875639
0.4224299065420561 0.3850085178875639
0.42216687422166876 0.3850085178875639
0.4225264467952707 0.3855763770584895
0.4222636815920398 0.3855763770584895
0.42200124300807956 0.3855763770584895
0.4217391304347826 0.3855763770584895
0.42209807572936064 0.3861442362294151
0.42245657568238215 0.38671209540034074
0.4228146311221327 0.38727995457126635
0.4225526641883519 0.38727995457126635
0.42229102167182664 0.38727995457126635
0.422029702970297 0.38727995457126635
0.42238713667285094 0.38784781374219196
0.4221260815822003 0.38784781374219196
0.4224830142063002 0.38841567291311757
0.4222222222222222 0.38841567291311757
0.42196175200493524 0.38841567291311757
0.42231812577065353 0.3889835320840432
0.42205791743684534 0.3889835320840432
0.42179802955665024 0.3889835320840432
0.42153846153846153 0.3889835320840432
0.42127921279212793 0.3889835320840432
0.421020282728949 0.3889835320840432
0.42076167076167076 0.3889835320840432
0.42050337630448126 0.3889835320840432
0.42024539877300615 0.3889835320840432
0.41998773758430413 0.3889835320840432
0.41973039215686275 0.3889835320840432
0.4200857317819963 0.3895513912549688
0.4204406364749082 0.3901192504258944
0.42018348623853213 0.3901192504258944
0.42053789731051344 0.39068710959682
0.42089187538179595 0.3912549687677456
0.42063492063492064 0.3912549687677456
0.4203782794386821 0.3912549687677456
0.4201219512195122 0.3912549687677456
0.4198659354052407 0.3912549687677456
0.42021924482338613 0.39182282793867124
0.41996348143639683 0.39182282793867124
0.4197080291970803 0.39182282793867124
0.4194528875379939 0.39182282793867124
0.41919805589307413 0.39182282793867124
0.41894353369763204 0.39182282793867124
0.4186893203883495 0.39182282793867124
0.41904184354154034 0.39239068710959685
0.41878787878787876 0.39239068710959685
0.418534221683828 0.39239068710959685
0.41828087167070216 0.39239068710959685
0.41802782819116757 0.39239068710959685
0.41777509068923824 0.39239068710959685
0.4175226586102719 0.39239068710959685
0.4178743961352657 0.3929585462805224
0.41822570911285456 0.393526405451448
0.41857659831121835 0.3940942646223736
0.41832429174201324 0.3940942646223736
0.41807228915662653 0.3940942646223736
0.4184226369656833 0.39466212379329924
0.41817087845968715 0.39466212379329924
0.41791942273000604 0.39466212379329924
0.4176682692307692 0.39466212379329924
0.4174174174174174 0.39466212379329924
0.4171668667466987 0.39466212379329924
0.4169166166766647 0.39466212379329924
0.4166666666666667 0.39466212379329924
0.4164170161773517 0.39466212379329924
0.4167664670658683 0.39522998296422485
0.41651705565529623 0.39522998296422485
0.41626794258373206 0.39522998296422485
0.41601912731619844 0.39522998296422485
0.4157706093189964 0.39522998296422485
0.4155223880597015 0.39522998296422485
0.4152744630071599 0.39522998296422485
0.4150268336314848 0.39522998296422485
0.41477949940405245 0.39522998296422485
0.41453245979749853 0.39522998296422485
0.4148809523809524 0.39579784213515046
0.4146341463414634 0.39579784213515046
0.4149821640903686 0.39636570130607607
0.4147355912061794 0.39636570130607607
0.4144893111638955 0.39636570130607607
0.4148367952522255 0.3969335604770017
0.41459074733096085 0.3969335604770017
0.4149377593360996 0.3975014196479273
0.4146919431279621 0.3975014196479273
0.4144464179988159 0.3975014196479273
0.41420118343195267 0.3975014196479273
0.41395623891188643 0.3975014196479273
0.41371158392434987 0.3975014196479273
0.4134672179562906 0.3975014196479273
0.4132231404958678 0.3975014196479273
0.41297935103244837 0.3975014196479273
0.41273584905660377 0.3975014196479273
0.41249263406010606 0.3975014196479273
0.4122497055359246 0.3975014196479273
0.4120070629782225 0.3975014196479273
0.4123529411764706 0.3980692788188529
0.41211052322163433 0.3980692788188529
0.4118683901292597 0.3980692788188529
0.41162654139753374 0.3980692788188529
0.4113849765258216 0.3980692788188529
0.41114369501466275 0.3980692788188529
0.41090269636576787 0.3980692788188529
0.4106619800820152 0.3980692788188529
0.4104215456674473 0.3980692788188529
0.4101813926272674 0.3980692788188529
0.4099415204678363 0.3980692788188529
0.4102863822326125 0.3986371379897785
0.4100467289719626 0.3986371379897785
0.4098073555166375 0.3986371379897785
0.40956826137689617 0.3986371379897785
0.40932944606413996 0.3986371379897785
0.4090909090909091 0.3986371379897785
0.40885264997087944 0.3986371379897785
0.4086146682188591 0.3986371379897785
0.4089586969168121 0.3992049971607041
0.4087209302325581 0.3992049971607041
0.4084834398605462 0.3992049971607041
0.40824622531939603 0.3992049971607041
0.408009286128845 0.3992049971607041
0.4077726218097448 0.3992049971607041
0.40753623188405796 0.3992049971607041
0.40730011587485515 0.3992049971607041
0.40764331210191085 0.39977285633162973
0.4074074074074074 0.39977285633162973
0.40717177559282824 0.39977285633162973
0.407514450867052 0.40034071550255534
0.4072790294627383 0.40034071550255534
0.40704387990762125 0.40034071550255534
0.4068090017311021 0.40034071550255534
0.40657439446366783 0.40034071550255534
0.40634005763688763 0.40034071550255534
0.40610599078341014 0.40034071550255534
0.4058721934369603 0.40034071550255534
0.40563866513233604 0.40034071550255534
0.40598044853364 0.40090857467348096
0.4057471264367816 0.40090857467348096
0.4055140723721999 0.40090857467348096
0.4052812858783008 0.40090857467348096
0.40504876649454963 0.40090857467348096
0.4048165137614679 0.40090857467348096
0.40515759312320915 0.40147643384440657
0.40492554410080184 0.40147643384440657
0.4046937607326846 0.40147643384440657
0.40503432494279173 0.4020442930153322
0.40480274442538594 0.4020442930153322
0.4045714285714286 0.4020442930153322
0.40434037692747 0.4020442930153322
0.4041095890410959 0.4020442930153322
0.40387906446092414 0.4020442930153322
0.40364880273660203 0.4020442930153322
0.403988603988604 0.4026121521862578
0.4043280182232346 0.4031800113571834
0.4040978941377348 0.4031800113571834
0.40386803185437997 0.4031800113571834
0.40420693575895394 0.403747870528109
0.40397727272727274 0.403747870528109
0.403747870528109 0.403747870528109
0.4035187287173666 0.403747870528109
0.4032898468519569 0.403747870528109
0.4036281179138322 0.4043157296990346
0.403399433427762 0.4043157296990346
0.40373725934314836 0.40488358886996023
0.40350877192982454 0.40488358886996023
0.40384615384615385 0.40545144804088584
0.4036178631995478 0.40545144804088584
0.4033898305084746 0.40545144804088584
0.40372670807453415 0.40601930721181145
0.4040632054176072 0.40658716638273706
0.4038353073886069 0.40658716638273706
0.4041713641488162 0.4071550255536627
0.40394366197183096 0.4071550255536627
0.40371621621621623 0.4071550255536627
0.4034890264490715 0.4071550255536627
0.4032620922384702 0.4071550255536627
0.403035413153457 0.4071550255536627
0.4028089887640449 0.4071550255536627
0.4025828186412128 0.4071550255536627
0.40235690235690236 0.4071550255536627
0.4021312394840157 0.4071550255536627
0.4019058295964126 0.4071550255536627
0.4016806722689076 0.4071550255536627
0.40145576707726766 0.4071550255536627
0.4012311135982093 0.4071550255536627
0.401006711409396 0.4071550255536627
0.4007825600894354 0.4071550255536627
0.4005586592178771 0.4071550255536627
0.40033500837520936 0.4071550255536627
0.40011160714285715 0.4071550255536627
0.39988845510317905 0.4071550255536627
0.3996655518394649 0.4071550255536627
0.39944289693593316 0.4071550255536627
0.3997772828507795 0.4077228847245883
0.39955481357818584 0.4077228847245883
0.39933259176863184 0.4077228847245883
0.3991106170094497 0.4077228847245883
0.3988888888888889 0.4077228847245883
0.39922265408106605 0.4082907438955139
0.3995560488346282 0.4088586030664395
0.39933444259567386 0.4088586030664395
0.3991130820399113 0.4088586030664395
0.3988919667590028 0.4088586030664395
0.3992248062015504 0.4094264622373651
0.3990038738240177 0.4094264622373651
0.398783185840708 0.4094264622373651
0.39911553344389167 0.40999432140829073
0.3988950276243094 0.40999432140829073
0.3986747653230259 0.40999432140829073
0.3984547461368653 0.40999432140829073
0.3982349696635411 0.40999432140829073
0.3980154355016538 0.40999432140829073
0.3977961432506887 0.40999432140829073
0.3975770925110132 0.40999432140829073
0.39735828288387454 0.40999432140829073
0.39713971397139713 0.40999432140829073
0.39692138537658056 0.40999432140829073
0.3967032967032967 0.40999432140829073
0.39648544755628773 0.40999432140829073
0.39626783754116357 0.40999432140829073
0.3960504662643993 0.40999432140829073
0.3963815789473684 0.41056218057921634
0.39616438356164385 0.41056218057921634
0.395947426067908 0.41056218057921634
0.3957307060755337 0.41056218057921634
0.3955142231947484 0.41056218057921634
0.39529797703663205 0.41056218057921634
0.3950819672131147 0.41056218057921634
0.3948661933369743 0.41056218057921634
0.39465065502183405 0.41056218057921634
0.3944353518821604 0.41056218057921634
0.3942202835332606 0.41056218057921634
0.39400544959128064 0.41056218057921634
0.3937908496732026 0.41056218057921634
0.3935764833968427 0.41056218057921634
0.39336235038084877 0.41056218057921634
0.3931484502446982 0.41056218057921634
0.39293478260869563 0.41056218057921634
0.39272134709397066 0.41056218057921634
0.3930510314875136 0.41113003975014195
0.39283776451437874 0.41113003975014195
0.3926247288503254 0.41113003975014195
0.3924119241192412 0.41113003975014195
0.39219934994582883 0.41113003975014195
0.39252842447211694 0.41169789892106756
0.39285714285714285 0.4122657580919932
0.392644672796106 0.4122657580919932
0.3924324324324324 0.4122657580919932
0.39222042139384117 0.4122657580919932
0.39200863930885527 0.4122657580919932
0.3917970858067998 0.4122657580919932
0.39158576051779936 0.4122657580919932
0.3913746630727763 0.4122657580919932
0.3911637931034483 0.4122657580919932
0.3914916532040926 0.4128336172629188
0.39181916038751347 0.4134014764338444
0.3916083916083916 0.4134014764338444
0.3919354838709677 0.41396933560477
0.39172487909725956 0.41396933560477
0.39151450053705694 0.41396933560477
0.39184111647879766 0.4145371947756956
0.3916309012875536 0.4145371947756956
0.3914209115281501 0.4145371947756956
0.3912111468381565 0.4145371947756956
0.39100160685591856 0.4145371947756956
0.39079229122055675 0.4145371947756956
0.39058319957196364 0.4145371947756956
0.39090909090909093 0.4151050539466212
0.39070016034206306 0.4151050539466212
0.390491452991453 0.4151050539466212
0.39028296849973304 0.4151050539466212
0.39007470651013876 0.4151050539466212
0.38986666666666664 0.4151050539466212
0.3896588486140725 0.4151050539466212
0.3899840170484816 0.41567291311754684
0.38977635782747605 0.41567291311754684
0.38956891963810536 0.41567291311754684
0.3898936170212766 0.41624077228847245
0.3896863370547581 0.41624077228847245
0.3900106269925611 0.41680863145939806
0.3898035050451407 0.41680863145939806
0.3895966029723992 0.41680863145939806
0.3893899204244032 0.41680863145939806
0.38918345705196183 0.41680863145939806
0.38897721250662426 0.41680863145939806
0.388771186440678 0.41680863145939806
0.3885653785071466 0.41680863145939806
0.38835978835978835 0.41680863145939806
0.3881544156530936 0.41680863145939806
0.3879492600422833 0.41680863145939806
0.38774432118330693 0.41680863145939806
0.3880675818373812 0.41737649063032367
0.38786279683377306 0.41737649063032367
0.3876582278481013 0.41737649063032367
0.3874538745387454 0.41737649063032367
0.38724973656480505 0.41737649063032367
0.3875724065297525 0.4179443498012493
0.3873684210526316 0.4179443498012493
0.3871646501841136 0.4179443498012493
0.38696109358569925 0.4179443498012493
0.38675775091960063 0.4179443498012493
0.3865546218487395 0.4179443498012493
0.3863517060367454 0.4179443498012493
0.3861490031479538 0.4179443498012493
0.38647089669638174 0.4185122089721749
0.3862683438155136 0.4185122089721749
0.3860660031430068 0.4185122089721749
0.38586387434554975 0.4185122089721749
0.38618524332810045 0.4190800681431005
0.38598326359832635 0.4190800681431005
0.3863042341871406 0.4196479273140261
0.38610240334378265 0.4196479273140261
0.38642297650130547 0.4202157864849517
0.3862212943632568 0.4202157864849517
0.38601982263954093 0.4202157864849517
0.3858185610010427 0.4202157864849517
0.385617509119333 0.4202157864849517
0.3854166666666667 0.4202157864849517
0.38521603331598125 0.4202157864849517
0.3850156087408949 0.4202157864849517
0.38481539261570463 0.4202157864849517
0.38461538461538464 0.4202157864849517
0.38441558441558443 0.4202157864849517
0.3842159916926272 0.4202157864849517
0.384016606123508 0.4202157864849517
0.38381742738589214 0.4202157864849517
0.383618455158113 0.4202157864849517
0.38341968911917096 0.4202157864849517
0.3832211289487312 0.4202157864849517
0.3830227743271222 0.4202157864849517
0.3828246249353337 0.4202157864849517
0.3831437435367115 0.42078364565587734
0.3834625322997416 0.42135150482680295
0.38326446280991733 0.42135150482680295
0.3830665978316985 0.42135150482680295
0.3828689370485036 0.42135150482680295
0.38267148014440433 0.42135150482680295
0.3829896907216495 0.42191936399772856
0.3827923750643998 0.42191936399772856
0.38259526261585997 0.42191936399772856
0.3823983530622748 0.42191936399772856
0.382201646090535 0.42191936399772856
0.3825192802056555 0.42248722316865417
0.3828365878725591 0.4230550823395798
0.38263995891114533 0.4230550823395798
0.3824435318275154 0.4230550823395798
0.3822473063109287 0.4230550823395798
0.382051282051282 0.4230550823395798
0.38185545873910814 0.4230550823395798
0.382172131147541 0.4236229415105054
0.3819764464925755 0.4236229415105054
0.38178096212896623 0.4236229415105054
0.38158567774936064 0.4236229415105054
0.38139059304703476 0.4236229415105054
0.3817066939192642 0.424190800681431
0.381511746680286 0.424190800681431
0.38131699846860645 0.424190800681431
0.3816326530612245 0.4247586598523566
0.3814380418154003 0.4247586598523566
0.381243628950051 0.4247586598523566
0.38104941416199695 0.4247586598523566
0.38085539714867617 0.4247586598523566
0.3806615776081425 0.4247586598523566
0.38046795523906407 0.4247586598523566
0.3802745297407219 0.4247586598523566
0.3800813008130081 0.4247586598523566
0.37988826815642457 0.4247586598523566
0.37969543147208124 0.4247586598523566
0.37950279046169455 0.4247586598523566
0.37981744421906694 0.4253265190232822
0.3796249366447035 0.4253265190232822
0.37943262411347517 0.4253265190232822
0.37924050632911394 0.4253265190232822
0.3790485829959514 0.4253265190232822
0.37885685381891754 0.4253265190232822
0.37917087967644086 0.42589437819420783
0.37897928246589185 0.42589437819420783
0.3792929292929293 0.42646223736513345
0.37910146390711763 0.42646223736513345
0.37891019172552975 0.42646223736513345
0.3787191124558749 0.42646223736513345
0.3785282258064516 0.42646223736513345
0.3783375314861461 0.42646223736513345
0.378147029204431 0.42646223736513345
0.3779567186713639 0.42646223736513345
0.3777665995975855 0.42646223736513345
0.3780794369029663 0.42703009653605906
0.3778894472361809 0.42703009653605906
0.37769964841788045 0.42703009653605906
0.37751004016064255 0.42703009653605906
0.3773206221776217 0.42703009653605906
0.37713139418254765 0.42703009653605906
0.3769423558897243 0.42703009653605906
0.37675350701402804 0.42703009653605906
0.37656484727090633 0.42703009653605906
0.3763763763763764 0.42703009653605906
0.3761880940470235 0.42703009653605906
0.376 0.42703009653605906
0.3758120939530235 0.42703009653605906
0.3756243756243756 0.42703009653605906
0.3754368447329007 0.42703009653605906
0.37524950099800397 0.42703009653605906
0.3750623441396509 0.42703009653605906
0.37537387836490527 0.42759795570698467
0.3756851021425012 0.4281658148779103
0.3754980079681275 0.4281658148779103
0.375311100049776 0.4281658148779103
0.37512437810945276 0.4281658148779103
0.37493784186971657 0.4281658148779103
0.37475149105367794 0.4281658148779103
0.3750620963735718 0.4287336740488359
0.3753723932472691 0.4293015332197615
0.3751861042183623 0.4293015332197615
0.37549603174603174 0.4298693923906871
0.37530986613782846 0.4298693923906871
0.3751238850346878 0.4298693923906871
0.37543338286280337 0.4304372515616127
0.37524752475247525 0.4304372515616127
0.37506185056902525 0.4304372515616127
0.37487636003956476 0.4304372515616127
0.3746910528917449 0.4304372515616127
0.37450592885375494 0.4304372515616127
0.3748148148148148 0.43100511073253833
0.37462981243830207 0.43100511073253833
0.3744449925999013 0.43100511073253833
0.3742603550295858 0.43100511073253833
0.374075899457861 0.43100511073253833
0.37438423645320196 0.43157296990346394
0.3741999015263417 0.43157296990346394
0.37401574803149606 0.43157296990346394
0.37383177570093457 0.43157296990346394
0.37364798426745327 0.43157296990346394
0.37346437346437344 0.43157296990346394
0.37328094302554027 0.43157296990346394
0.37309769268532156 0.43157296990346394
0.3729146221786065 0.43157296990346394
0.37273173124080433 0.43157296990346394
0.37254901960784315 0.43157296990346394
0.37236648701616853 0.43157296990346394
0.3721841332027424 0.43157296990346394
0.3720019579050416 0.43157296990346394
0.37181996086105673 0.43157296990346394
0.37163814180929094 0.43157296990346394
0.37145650048875856 0.43157296990346394
0.37127503663898387 0.43157296990346394
0.37109375 0.43157296990346394
0.3709126403123475 0.43157296990346394
0.37073170731707317 0.43157296990346394
0.3705509507557289 0.43157296990346394
0.37037037037037035 0.43157296990346394
0.3701899659035558 0.43157296990346394
0.37000973709834467 0.43157296990346394
0.37031630170316304 0.43214082907438955
0.37062256809338523 0.43270868824531517
0.37044239183276617 0.43270868824531517
0.37026239067055394 0.43270868824531517
0.370082564351627 0.43270868824531517
0.3699029126213592 0.43270868824531517
0.37020863658418246 0.4332765474162408
0.3700290979631426 0.4332765474162408
0.3698497333979641 0.4332765474162408
0.3696705426356589 0.4332765474162408
0.3699757869249395 0.4338444065871664
0.3697967086156825 0.4338444065871664
0.36961780358006774 0.4338444065871664
0.3694390715667311 0.4338444065871664
0.36926051232479457 0.4338444065871664
0.3690821256038647 0.4338444065871664
0.3693867696764848 0.434412265758092
0.3692084942084942 0.434412265758092
0.36903039073806077 0.434412265758092
0.36885245901639346 0.434412265758092
0.3686746987951807 0.434412265758092
0.3684971098265896 0.434412265758092
0.3683196918632643 0.434412265758092
0.3681424446583253 0.434412265758092
0.36844636844636847 0.4349801249290176
0.3682692307692308 0.4349801249290176
0.3680922633349351 0.4349801249290176
0.3679154658981748 0.4349801249290176
0.36773883821411424 0.4349801249290176
0.3675623800383877 0.4349801249290176
0.3673860911270983 0.4349801249290176
0.36768935762224353 0.4355479840999432
0.3675131768088165 0.4355479840999432
0.36733716475095785 0.4355479840999432
0.36764001914791766 0.43611584327086883
0.3674641148325359 0.43611584327086883
0.3672883787661406 0.43611584327086883
0.367112810707457 0.43611584327086883
0.3669374104156713 0.43611584327086883
0.3667621776504298 0.43611584327086883
0.3665871121718377 0.43611584327086883
0.366412213740458 0.43611584327086883
0.36623748211731044 0.43611584327086883
0.36606291706387034 0.43611584327086883
0.36588851834206765 0.43611584327086883
0.3657142857142857 0.43611584327086883
0.3655402189433603 0.43611584327086883
0.3653663177925785 0.43611584327086883
0.3651925820256776 0.43611584327086883
0.3650190114068441 0.43611584327086883
0.3648456057007126 0.43611584327086883
0.3646723646723647 0.43611584327086883
0.36449928808732796 0.43611584327086883
0.36480075901328274 0.43668370244179444
0.36510194404931245 0.43725156161272005
0.36492890995260663 0.43725156161272005
0.36522974893415444 0.43781942078364566
0.3650568181818182 0.43781942078364566
0.3648840511121628 0.43781942078364566
0.36471144749290446 0.43781942078364566
0.3645390070921986 0.43781942078364566
0.3648393194706994 0.4383872799545713
0.3646669815777043 0.4383872799545713
0.364494806421152 0.4383872799545713
0.3643227937706465 0.4383872799545713
0.36462264150943396 0.4389551391254969
0.36445073078736445 0.4389551391254969
0.3642789820923657 0.4389551391254969
0.3641073951954781 0.4389551391254969
0.3644067796610169 0.4395229982964225
0.36423529411764705 0.4395229982964225
0.3640639698965193 0.4395229982964225
0.3638928067700987 0.4395229982964225
0.36372180451127817 0.4395229982964225
0.3635509628933772 0.4395229982964225
0.36338028169014086 0.4395229982964225
0.36320976067573907 0.4395229982964225
0.3630393996247655 0.4395229982964225
0.3628691983122363 0.4395229982964225
0.3626991565135895 0.4395229982964225
0.3629976580796253 0.4400908574673481
0.36282771535580527 0.4400908574673481
0.36312587739822183 0.4406587166382737
0.362956033676333 0.4406587166382737
0.3627863487611033 0.4406587166382737
0.36261682242990656 0.4406587166382737
0.36244745446053245 0.4406587166382737
0.3622782446311858 0.4406587166382737
0.3625758282781148 0.44122657580919933
0.36240671641791045 0.44122657580919933
0.3622377622377622 0.44122657580919933
0.3620689655172414 0.44122657580919933
0.36190032603632977 0.44122657580919933
0.361731843575419 0.44122657580919933
0.36156351791530944 0.44122657580919933
0.36186046511627906 0.44179443498012494
0.36169223616922364 0.44179443498012494
0.36198884758364314 0.44236229415105055
0.36182071528100324 0.44236229415105055
0.361652739090065 0.44236229415105055
0.3614849187935035 0.44236229415105055
0.36131725417439703 0.44236229415105055
0.36114974501622626 0.44236229415105055
0.36098239110287306 0.44236229415105055
0.36081519221861974 0.44236229415105055
0.36064814814814816 0.44236229415105055
0.36094400740397964 0.44293015332197616
0.36077705827937095 0.44293015332197616
0.36107258437355527 0.44349801249290177
0.3613678373382625 0.4440658716638274
0.36166281755196306 0.444633730834753
0.36149584487534625 0.444633730834753
0.3613290263036456 0.444633730834753
0.36116236162361626 0.444633730834753
0.3614568925772245 0.4452015900056786
0.36129032258064514 0.4452015900056786
0.3611239060340857 0.4452015900056786
0.36095764272559855 0.4452015900056786
0.36079153244362633 0.4452015900056786
0.36062557497700093 0.4452015900056786
0.3604597701149425 0.4452015900056786
0.3602941176470588 0.4452015900056786
0.36012861736334406 0.4452015900056786
0.35996326905417814 0.4452015900056786
0.35979807251032586 0.4452015900056786
0.3596330275229358 0.4452015900056786
0.35946813388353965 0.4452015900056786
0.3593033913840513 0.4452015900056786
0.3595968850206138 0.4457694491766042
0.35943223443223443 0.4457694491766042
0.35926773455377575 0.4457694491766042
0.35910338517840806 0.4457694491766042
0.35893918609967995 0.4457694491766042
0.3592321755027422 0.4463373083475298
0.3590680676107812 0.4463373083475298
0.3593607305936073 0.44690516751845544
0.3591967138293017 0.44690516751845544
0.3590328467153285 0.44690516751845544
0.3593251253989968 0.44747302668938105
0.35916134913400183 0.44747302668938105
0.358997722095672 0.44747302668938105
0.3592896174863388 0.44804088586030666
0.35912608101957216 0.44804088586030666
0.35896269335759784 0.44804088586030666
0.3587994542974079 0.44804088586030666
0.35863636363636364 0.44804088586030666
0.35847342117219444 0.44804088586030666
0.3583106267029973 0.44804088586030666
0.3581479800272356 0.44804088586030666
0.35798548094373867 0.44804088586030666
0.3578231292517007 0.44804088586030666
0.35766092475067995 0.44804088586030666
0.3574988672405981 0.44804088586030666
0.35733695652173914 0.44804088586030666
0.35717519239474876 0.44804088586030666
0.3574660633484163 0.44860874503123227
0.3573043871551334 0.44860874503123227
0.35714285714285715 0.44860874503123227
0.3569814731134207 0.44860874503123227
0.3568202348690154 0.44860874503123227
0.35711060948081264 0.4491766042021579
0.3574007220216607 0.4497444633730835
0.35769057284618855 0.4503123225440091
0.3575293056807935 0.4503123225440091
0.35736818386660657 0.4503123225440091
0.3572072072072072 0.4503123225440091
0.35704637550652857 0.4503123225440091
0.3568856885688569 0.4503123225440091
0.3567251461988304 0.4503123225440091
0.35656474820143885 0.4503123225440091
0.3568539325842697 0.4508801817149347
0.35669362084456424 0.4508801817149347
0.35698248765154916 0.4514480408858603
0.35682226211849194 0.4514480408858603
0.3566621803499327 0.4514480408858603
0.35650224215246634 0.4514480408858603
0.3563424473330345 0.4514480408858603
0.35618279569892475 0.4514480408858603
0.3560232870577698 0.4514480408858603
0.355863921217547 0.4514480408858603
0.35570469798657717 0.4514480408858603
0.3555456171735242 0.4514480408858603
0.3553866785873938 0.4514480408858603
0.355674709562109 0.45201590005678594
0.3555158552925413 0.45201590005678594
0.35580357142857144 0.45258375922771155
0.355644801427934 0.45258375922771155
0.3559322033898305 0.45315161839863716
0.3557735176103433 0.45315161839863716
0.35561497326203206 0.45315161839863716
0.355456570155902 0.45315161839863716
0.35529830810329477 0.45315161839863716
0.35514018691588783 0.45315161839863716
0.35498220640569395 0.45315161839863716
0.35482436638506004 0.45315161839863716
0.3546666666666667 0.45315161839863716
0.35450910706352734 0.45315161839863716
0.35479573712255774 0.45371947756956277
0.3546382600976476 0.45371947756956277
0.3544809228039042 0.45371947756956277
0.35432372505543236 0.45371947756956277
0.3541666666666667 0.45371947756956277
0.3540097474523704 0.45371947756956277
0.3538529672276351 0.45371947756956277
0.3536963258078796 0.45371947756956277
0.35353982300884956 0.45371947756956277
0.3533834586466165 0.45371947756956277
0.3532272325375774 0.45371947756956277
0.3535130357931949 0.4542873367404884
0.35335689045936397 0.4542873367404884
0.3536423841059603 0.454855195911414
0.353486319505737 0.454855195911414
0.3533303925893251 0.454855195911414
0.3531746031746032 0.454855195911414
0.3530189510797708 0.454855195911414
0.35286343612334803 0.454855195911414
0.3527080581241744 0.454855195911414
0.35255281690140844 0.454855195911414
0.35239771227452704 0.454855195911414
0.35224274406332456 0.454855195911414
0.35208791208791207 0.454855195911414
0.35193321616871703 0.454855195911414
0.35221783047870003 0.4554230550823396
0.3520632133450395 0.4554230550823396
0.35190873189995614 0.4554230550823396
0.35175438596491226 0.4554230550823396
0.3516001753616835 0.4554230550823396
0.3514460999123576 0.4554230550823396
0.35129215943933423 0.4554230550823396
0.351138353765324 0.4554230550823396
0.35098468271334793 0.4554230550823396
0.35083114610673666 0.4554230550823396
0.3511149978137298 0.4559909142532652
0.35096153846153844 0.4559909142532652
0.3508082131935343 0.4559909142532652
0.3506550218340611 0.4559909142532652
0.3505019642077695 0.4559909142532652
0.35034904013961604 0.4559909142532652
0.35063235935455733 0.4565587734241908
0.35047951176983433 0.4565587734241908
0.3503267973856209 0.4565587734241908
0.3501742160278746 0.4565587734241908
0.3500217675228559 0.4565587734241908
0.34986945169712796 0.4565587734241908
0.34971726837755546 0.4565587734241908
0.34956521739130436 0.4565587734241908
0.3494132985658409 0.4565587734241908
0.34969591659426585 0.45712663259511643
0.3495440729483283 0.45712663259511643
0.3498263888888889 0.45769449176604204
0.34967462039045555 0.45769449176604204
0.34952298352124894 0.45769449176604204
0.3493714781100997 0.45769449176604204
0.3492201039861352 0.45769449176604204
0.3490688609787787 0.45769449176604204
0.3489177489177489 0.45769449176604204
0.3487667676330593 0.45769449176604204
0.3490484429065744 0.45826235093696766
0.34889753566796367 0.45826235093696766
0.34917891097666376 0.45883021010789327
0.3490280777537797 0.45883021010789327
0.3488773747841105 0.45883021010789327
0.34872680189900734 0.45883021010789327
0.3485763589301122 0.45883021010789327
0.3484260457093575 0.45883021010789327
0.34870689655172415 0.4593980692788189
0.34855665661352864 0.4593980692788189
0.34840654608096466 0.4593980692788189
0.34825656478691347 0.4593980692788189
0.34853700516351116 0.4599659284497445
0.34838709677419355 0.4599659284497445
0.3482373172828891 0.4599659284497445
0.3480876665234207 0.4599659284497445
0.3479381443298969 0.4599659284497445
0.34778875053671104 0.4599659284497445
0.34763948497854075 0.4599659284497445
0.3474903474903475 0.4599659284497445
0.34777015437392794 0.4605337876206701
0.347621088726961 0.4605337876206701
0.34747215081405314 0.4605337876206701
0.3473233404710921 0.4605337876206701
0.3476027397260274 0.4611016467915957
0.34745400085579803 0.4611016467915957
0.3473053892215569 0.4611016467915957
0.3471569046601112 0.4611016467915957
0.347008547008547 0.4611016467915957
0.3472874839812046 0.4616695059625213
0.3471391972672929 0.4616695059625213
0.3474178403755869 0.46223736513344693
0.34726962457337884 0.46223736513344693
0.3471215351812367 0.46223736513344693
0.34697357203751067 0.46223736513344693
0.3468257349808266 0.46223736513344693
0.34667802385008517 0.46223736513344693
0.34653043848446147 0.46223736513344693
0.34638297872340423 0.46223736513344693
0.34623564440663546 0.46223736513344693
0.3460884353741497 0.46223736513344693
0.34594135146621335 0.46223736513344693
0.34579439252336447 0.46223736513344693
0.34564755838641187 0.46223736513344693
0.3455008488964346 0.46223736513344693
0.3453542638947815 0.46223736513344693
0.3452078032230704 0.46223736513344693
0.34506146672318777 0.46223736513344693
0.34491525423728814 0.46223736513344693
0.3447691656077933 0.46223736513344693
0.34462320067739205 0.46223736513344693
0.3449005501481168 0.46280522430437254
0.34475465313028764 0.46280522430437254
0.34460887949260044 0.46280522430437254
0.3444632290786137 0.46280522430437254
0.3443177017321504 0.46280522430437254
0.3441722972972973 0.46280522430437254
0.3440270156184044 0.46280522430437254
0.3438818565400844 0.46280522430437254
0.34373681990721217 0.46280522430437254
0.34359190556492414 0.46280522430437254
0.3438685208596713 0.46337308347529815
0.34372367312552654 0.46337308347529815
0.34357894736842104 0.46337308347529815
0.34385521885521886 0.46394094264622376
0.34371055952881785 0.46394094264622376
0.3435660218671152 0.46394094264622376
0.3434216057166877 0.46394094264622376
0.34327731092436975 0.46394094264622376
0.34313313733725326 0.46394094264622376
0.3429890848026868 0.46394094264622376
0.3428451531682753 0.46394094264622376
0.3427013422818792 0.46394094264622376
0.3429769392033543 0.4645088018171493
0.34283319362950543 0.4645088018171493
0.3426895684960201 0.4645088018171493
0.3425460636515913 0.4645088018171493
0.34240267894516535 0.4645088018171493
0.3422594142259414 0.4645088018171493
0.34211626934337097 0.4645088018171493
0.3419732441471572 0.4645088018171493
0.34183033848725447 0.4645088018171493
0.341687552213868 0.4645088018171493
0.341544885177453 0.4645088018171493
0.34140233722871455 0.4645088018171493
0.3412599082186066 0.4645088018171493
0.34111759799833197 0.4645088018171493
0.34139224676948726 0.46507666098807493
0.34125 0.46507666098807493
0.34110787172011664 0.46507666098807493
0.34096586178184846 0.46507666098807493
0.3408239700374532 0.46507666098807493
0.34068219633943425 0.46507666098807493
0.34054054054054056 0.46507666098807493
0.3403990024937656 0.46507666098807493
0.3402575820523473 0.46507666098807493
0.34011627906976744 0.46507666098807493
0.33997509339975096 0.46507666098807493
0.3398340248962656 0.46507666098807493
0.33969307341352134 0.46507666098807493
0.33955223880597013 0.46507666098807493
0.339411520928305 0.46507666098807493
0.3392709196354598 0.46507666098807493
0.33954451345755693 0.46564452015900054
0.3394039735099338 0.46564452015900054
0.3392635498551924 0.46564452015900054
0.33953680727874275 0.46621237932992615
0.33939644481190573 0.46621237932992615
0.33925619834710746 0.46621237932992615
0.33911606774060304 0.46621237932992615
0.3389760528488852 0.46621237932992615
0.33883615352868346 0.46621237932992615
0.3386963696369637 0.46621237932992615
0.33855670103092783 0.46621237932992615
0.3388293487221764 0.46678023850085176
0.33868974042027195 0.46678023850085176
0.3389621087314662 0.4673480976717774
0.338822560724578 0.4673480976717774
0.33868312757201646 0.4673480976717774
0.3385438091320444 0.4673480976717774
0.3384046052631579 0.4673480976717774
0.3382655158240855 0.4673480976717774
0.338126540673788 0.4673480976717774
0.33798767967145793 0.4673480976717774
0.3378489326765189 0.4673480976717774
0.33771029954862536 0.4673480976717774
0.3379819524200164 0.467915956842703
0.33825338253382536 0.4684838160136286
0.33811475409836067 0.4684838160136286
0.33797623924621056 0.4684838160136286
0.33824733824733827 0.4690516751845542
0.33810888252148996 0.4690516751845542
0.33797054009819966 0.4690516751845542
0.3378323108384458 0.4690516751845542
0.3376941946034342 0.4690516751845542
0.33755619125459746 0.4690516751845542
0.3374183006535948 0.4690516751845542
0.3372805226623111 0.4690516751845542
0.33714285714285713 0.4690516751845542
0.33700530395756834 0.4690516751845542
0.3368678629690049 0.4690516751845542
0.33673053403995107 0.4690516751845542
0.33659331703341483 0.4690516751845542
0.3368635437881874 0.4696195343554798
0.33672638436482083 0.4696195343554798
0.3365893365893366 0.4696195343554798
0.33645240032546786 0.4696195343554798
0.33631557543716956 0.4696195343554798
0.3361788617886179 0.4696195343554798
0.33604225924420966 0.4696195343554798
0.33590576766856217 0.4696195343554798
0.33576938692651237 0.4696195343554798
0.33563311688311687 0.4696195343554798
0.3354969574036511 0.4696195343554798
0.3353609083536091 0.4696195343554798
0.3352249695987029 0.4696195343554798
0.33508914100486226 0.4696195343554798
0.3349534224382341 0.4696195343554798
0.33481781376518216 0.4696195343554798
0.3346823148522865 0.4696195343554798
0.33495145631067963 0.47018739352640543
0.3348160129397493 0.47018739352640543
0.33468067906224735 0.47018739352640543
0.33454545454545453 0.47018739352640543
0.3344103392568659 0.47018739352640543
0.33427533306419055 0.47018739352640543
0.3341404358353511 0.47018739352640543
0.33400564743848327 0.47018739352640543
0.3338709677419355 0.47018739352640543
0.33373639661426846 0.47018739352640543
0.33360193392425463 0.47018739352640543
0.33346757954087797 0.47018739352640543
0.3333333333333333 0.47018739352640543
0.33319919517102614 0.47018739352640543
0.333065164923572 0.47018739352640543
0.33293124246079614 0.47018739352640543
0.3327974276527331 0.47018739352640543
0.3326637203696264 0.47018739352640543
0.3325301204819277 0.47018739352640543
0.33239662786029706 0.47018739352640543
0.33226324237560195 0.47018739352640543
0.33212996389891697 0.47018739352640543
0.3319967923015237 0.47018739352640543
0.33186372745490983 0.47018739352640543
0.3317307692307692 0.47018739352640543
0.3315979175010012 0.47018739352640543
0.33146517213771015 0.47018739352640543
0.33133253301320525 0.47018739352640543
0.3312 0.47018739352640543
0.3310675729708117 0.47018739352640543
0.3313349320543565 0.47075525269733104
0.331202556931682 0.47075525269733104
0.3314696485623003 0.47132311186825665
0.3313373253493014 0.47132311186825665
0.3312051077414206 0.47132311186825665
0.3310729956122856 0.47132311186825665
0.3309409888357257 0.47132311186825665
0.33080908728577124 0.47132311186825665
0.33067729083665337 0.47132311186825665
0.33054559936280364 0.47132311186825665
0.3304140127388535 0.47132311186825665
0.3302825308396339 0.47132311186825665
0.33015115354017505 0.47132311186825665
0.33001988071570576 0.47132311186825665
0.3298887122416534 0.47132311186825665
0.3297576479936432 0.47132311186825665
0.329626687847498 0.47132311186825665
0.3294958316792378 0.47132311186825665
0.32936507936507936 0.47132311186825665
0.32923443078143594 0.47132311186825665
0.32910388580491673 0.47132311186825665
0.3289734443123266 0.47132311186825665
0.3288431061806656 0.47132311186825665
0.3287128712871287 0.47132311186825665
0.3285827395091053 0.47132311186825665
0.32845271072417886 0.47132311186825665
0.32832278481012656 0.47132311186825665
0.32858837485172004 0.47189097103918226
0.3284584980237154 0.47189097103918226
0.3283287238245753 0.47189097103918226
0.3281990521327014 0.47189097103918226
0.32806948282668774 0.47189097103918226
0.32794001578531967 0.47189097103918226
0.32781065088757394 0.47189097103918226
0.3276813880126183 0.47189097103918226
0.3275522270398108 0.47189097103918226
0.32742316784869974 0.47189097103918226
0.3272942103190232 0.47189097103918226
0.32716535433070865 0.47189097103918226
0.3270365997638725 0.47189097103918226
0.3269079464988198 0.47189097103918226
0.32677939441604403 0.47189097103918226
0.3266509433962264 0.47189097103918226
0.32652259332023575 0.47189097103918226
0.32639434406912804 0.47189097103918226
0.32626619552414604 0.47189097103918226
0.326138147566719 0.47189097103918226
0.32601020007846215 0.47189097103918226
0.32588235294117646 0.47189097103918226
0.3257546060368483 0.47189097103918226
0.3256269592476489 0.47189097103918226
0.3254994124559342 0.47189097103918226
