1.0 0.0005678591709256105
1.0 0.001135718341851221
1.0 0.0017035775127768314
0.75 0.0017035775127768314
0.8 0.002271436683702442
0.8333333333333334 0.0028392958546280523
0.8571428571428571 0.0034071550255536627
0.75 0.0034071550255536627
0.7777777777777778 0.003975014196479273
0.8 0.004542873367404884
0.8181818181818182 0.005110732538330494
0.8333333333333334 0.0056785917092561046
0.7692307692307693 0.0056785917092561046
0.7857142857142857 0.006246450880181715
0.8 0.0068143100511073255
0.8125 0.0073821692220329355
0.8235294117647058 0.007950028392958546
0.8333333333333334 0.008517887563884156
0.8421052631578947 0.009085746734809767
0.8 0.009085746734809767
0.8095238095238095 0.009653605905735378
0.8181818181818182 0.010221465076660987
0.8260869565217391 0.010789324247586598
0.8333333333333334 0.011357183418512209
0.84 0.01192504258943782
0.8461538461538461 0.01249290176036343
0.8148148148148148 0.01249290176036343
0.8214285714285714 0.01306076093128904
0.8275862068965517 0.013628620102214651
0.8333333333333334 0.014196479273140262
0.8387096774193549 0.014764338444065871
0.84375 0.015332197614991482
0.8484848484848485 0.01590005678591709
0.8529411764705882 0.016467915956842702
0.8571428571428571 0.017035775127768313
0.8611111111111112 0.017603634298693924
0.8648648648648649 0.018171493469619535
0.868421052631579 0.018739352640545145
0.8717948717948718 0.019307211811470756
0.875 0.019875070982396367
0.8780487804878049 0.020442930153321975
0.8809523809523809 0.021010789324247586
0.8604651162790697 0.021010789324247586
0.8409090909090909 0.021010789324247586
0.8222222222222222 0.021010789324247586
0.8260869565217391 0.021578648495173196
0.8297872340425532 0.022146507666098807
0.8333333333333334 0.022714366837024418
0.8367346938775511 0.02328222600795003
0.84 0.02385008517887564
0.8431372549019608 0.02441794434980125
0.8461538461538461 0.02498580352072686
0.8490566037735849 0.02555366269165247
0.8518518518518519 0.02612152186257808
0.8363636363636363 0.02612152186257808
0.8392857142857143 0.02668938103350369
0.8245614035087719 0.02668938103350369
0.8275862068965517 0.027257240204429302
0.8135593220338984 0.027257240204429302
0.8166666666666667 0.027825099375354913
0.819672131147541 0.028392958546280524
0.8064516129032258 0.028392958546280524
0.8095238095238095 0.028960817717206135
0.796875 0.028960817717206135
0.8 0.029528676888131742
0.803030303030303 0.030096536059057353
0.7910447761194029 0.030096536059057353
0.7941176470588235 0.030664395229982964
0.7971014492753623 0.031232254400908575
0.8 0.03180011357183418
0.8028169014084507 0.03236797274275979
0.7916666666666666 0.03236797274275979
0.7808219178082192 0.03236797274275979
0.7837837837837838 0.032935831913685404
0.7866666666666666 0.033503691084611015
0.7894736842105263 0.034071550255536626
0.7922077922077922 0.034639409426462237
0.7948717948717948 0.03520726859738785
0.7848101265822784 0.03520726859738785
0.7875 0.03577512776831346
0.7901234567901234 0.03634298693923907
0.7926829268292683 0.03691084611016468
0.7951807228915663 0.03747870528109029
0.7976190476190477 0.0380465644520159
0.8 0.03861442362294151
0.8023255813953488 0.039182282793867124
0.8045977011494253 0.039750141964792735
0.8068181818181818 0.04031800113571834
0.8089887640449438 0.04088586030664395
0.8111111111111111 0.04145371947756956
0.8131868131868132 0.04202157864849517
0.8043478260869565 0.04202157864849517
0.7956989247311828 0.04202157864849517
0.7978723404255319 0.04258943781942078
0.8 0.04315729699034639
0.7916666666666666 0.04315729699034639
0.7938144329896907 0.043725156161272004
0.7959183673469388 0.044293015332197615
0.7878787878787878 0.044293015332197615
0.78 0.044293015332197615
0.7821782178217822 0.044860874503123226
0.7843137254901961 0.045428733674048836
0.7864077669902912 0.04599659284497445
0.7884615384615384 0.04656445201590006
0.7904761904761904 0.04713231118682567
0.7924528301886793 0.04770017035775128
0.794392523364486 0.04826802952867689
0.7962962962962963 0.0488358886996025
0.7981651376146789 0.049403747870528106
0.8 0.04997160704145372
0.8018018018018018 0.05053946621237933
0.8035714285714286 0.05110732538330494
0.7964601769911505 0.05110732538330494
0.7982456140350878 0.05167518455423055
0.8 0.05224304372515616
0.7931034482758621 0.05224304372515616
0.7948717948717948 0.05281090289608177
0.7966101694915254 0.05337876206700738
0.7983193277310925 0.05394662123793299
0.7916666666666666 0.05394662123793299
0.7933884297520661 0.054514480408858604
0.7950819672131147 0.055082339579784215
0.7967479674796748 0.055650198750709826
0.7983870967741935 0.056218057921635436
0.8 0.05678591709256105
0.8015873015873016 0.05735377626348666
0.8031496062992126 0.05792163543441227
0.8046875 0.05848949460533787
0.7984496124031008 0.05848949460533787
0.8 0.059057353776263484
0.8015267175572519 0.059625212947189095
0.803030303030303 0.060193072118114706
0.8045112781954887 0.06076093128904032
0.7985074626865671 0.06076093128904032
0.8 0.06132879045996593
0.8014705882352942 0.06189664963089154
0.8029197080291971 0.06246450880181715
0.8043478260869565 0.06303236797274275
0.8057553956834532 0.06360022714366836
0.8 0.06360022714366836
0.8014184397163121 0.06416808631459398
0.8028169014084507 0.06473594548551959
0.7972027972027972 0.06473594548551959
0.7916666666666666 0.06473594548551959
0.7931034482758621 0.0653038046564452
0.7876712328767124 0.0653038046564452
0.7891156462585034 0.06587166382737081
0.7837837837837838 0.06587166382737081
0.785234899328859 0.06643952299829642
0.7866666666666666 0.06700738216922203
0.7880794701986755 0.06757524134014764
0.7894736842105263 0.06814310051107325
0.7908496732026143 0.06871095968199886
0.7857142857142857 0.06871095968199886
0.7870967741935484 0.06927881885292447
0.782051282051282 0.06927881885292447
0.7770700636942676 0.06927881885292447
0.7784810126582279 0.06984667802385008
0.7735849056603774 0.06984667802385008
0.775 0.0704145371947757
0.7701863354037267 0.0704145371947757
0.7716049382716049 0.0709823963657013
0.7730061349693251 0.07155025553662692
0.774390243902439 0.07211811470755253
0.7696969696969697 0.07211811470755253
0.7710843373493976 0.07268597387847814
0.7664670658682635 0.07268597387847814
0.7678571428571429 0.07325383304940375
0.7633136094674556 0.07325383304940375
0.7647058823529411 0.07382169222032936
0.7660818713450293 0.07438955139125497
0.7674418604651163 0.07495741056218058
0.7630057803468208 0.07495741056218058
0.7586206896551724 0.07495741056218058
0.76 0.07552526973310619
0.7613636363636364 0.0760931289040318
0.7627118644067796 0.07666098807495741
0.7640449438202247 0.07722884724588303
0.7597765363128491 0.07722884724588303
0.7611111111111111 0.07779670641680864
0.7624309392265194 0.07836456558773425
0.7637362637362637 0.07893242475865986
0.7595628415300546 0.07893242475865986
0.7608695652173914 0.07950028392958547
0.7621621621621621 0.08006814310051108
0.7634408602150538 0.08063600227143668
0.7647058823529411 0.08120386144236229
0.7659574468085106 0.0817717206132879
0.7671957671957672 0.08233957978421351
0.7631578947368421 0.08233957978421351
0.7643979057591623 0.08290743895513912
0.7604166666666666 0.08290743895513912
0.7616580310880829 0.08347529812606473
0.7628865979381443 0.08404315729699034
0.7589743589743589 0.08404315729699034
0.7602040816326531 0.08461101646791595
0.7614213197969543 0.08517887563884156
0.7626262626262627 0.08574673480976717
0.7638190954773869 0.08631459398069279
0.76 0.08631459398069279
0.7611940298507462 0.0868824531516184
0.7623762376237624 0.08745031232254401
0.7635467980295566 0.08801817149346962
0.7598039215686274 0.08801817149346962
0.7560975609756098 0.08801817149346962
0.7572815533980582 0.08858603066439523
0.7536231884057971 0.08858603066439523
0.7548076923076923 0.08915388983532084
0.7559808612440191 0.08972174900624645
0.7571428571428571 0.09028960817717206
0.7582938388625592 0.09085746734809767
0.7594339622641509 0.09142532651902328
0.7605633802816901 0.0919931856899489
0.7570093457943925 0.0919931856899489
0.7581395348837209 0.0925610448608745
0.7592592592592593 0.09312890403180012
0.7557603686635944 0.09312890403180012
0.7568807339449541 0.09369676320272573
0.7534246575342466 0.09369676320272573
0.7545454545454545 0.09426462237365134
0.751131221719457 0.09426462237365134
0.7522522522522522 0.09483248154457695
0.7533632286995515 0.09540034071550256
0.7544642857142857 0.09596819988642817
0.7511111111111111 0.09596819988642817
0.7522123893805309 0.09653605905735378
0.748898678414097 0.09653605905735378
0.75 0.09710391822827939
0.7510917030567685 0.097671777399205
0.7521739130434782 0.0982396365701306
0.7532467532467533 0.09880749574105621
0.75 0.09880749574105621
0.7467811158798283 0.09880749574105621
0.7435897435897436 0.09880749574105621
0.7446808510638298 0.09937535491198182
0.7415254237288136 0.09937535491198182
0.7426160337552743 0.09994321408290743
0.7436974789915967 0.10051107325383304
0.7447698744769874 0.10107893242475866
0.7416666666666667 0.10107893242475866
0.7427385892116183 0.10164679159568427
0.7396694214876033 0.10164679159568427
0.7407407407407407 0.10221465076660988
0.7418032786885246 0.10278250993753549
0.7428571428571429 0.1033503691084611
0.7398373983739838 0.1033503691084611
0.7408906882591093 0.10391822827938671
0.7419354838709677 0.10448608745031232
0.7429718875502008 0.10505394662123793
0.744 0.10562180579216354
0.7410358565737052 0.10562180579216354
0.7420634920634921 0.10618966496308915
0.7430830039525692 0.10675752413401476
0.7440944881889764 0.10732538330494037
0.7450980392156863 0.10789324247586599
0.7421875 0.10789324247586599
0.7431906614785992 0.1084611016467916
0.7403100775193798 0.1084611016467916
0.7374517374517374 0.1084611016467916
0.7384615384615385 0.10902896081771721
0.735632183908046 0.10902896081771721
0.732824427480916 0.10902896081771721
0.7338403041825095 0.10959681998864282
0.7348484848484849 0.11016467915956843
0.7320754716981132 0.11016467915956843
0.7330827067669173 0.11073253833049404
0.7340823970037453 0.11130039750141965
0.7313432835820896 0.11130039750141965
0.7323420074349443 0.11186825667234526
0.7296296296296296 0.11186825667234526
0.7269372693726938 0.11186825667234526
0.7279411764705882 0.11243611584327087
0.7289377289377289 0.11300397501419648
0.7299270072992701 0.1135718341851221
0.7272727272727273 0.1135718341851221
0.7246376811594203 0.1135718341851221
0.7256317689530686 0.1141396933560477
0.7230215827338129 0.1141396933560477
0.7204301075268817 0.1141396933560477
0.7214285714285714 0.11470755252697332
0.7188612099644128 0.11470755252697332
0.7198581560283688 0.11527541169789893
0.7208480565371025 0.11584327086882454
0.721830985915493 0.11641113003975014
0.7228070175438597 0.11697898921067575
0.7237762237762237 0.11754684838160136
0.7247386759581882 0.11811470755252697
0.7256944444444444 0.11868256672345258
0.726643598615917 0.11925042589437819
0.7275862068965517 0.1198182850653038
0.7250859106529209 0.1198182850653038
0.7226027397260274 0.1198182850653038
0.7201365187713311 0.1198182850653038
0.717687074829932 0.1198182850653038
0.7186440677966102 0.12038614423622941
0.7162162162162162 0.12038614423622941
0.7171717171717171 0.12095400340715502
0.7181208053691275 0.12152186257808063
0.7157190635451505 0.12152186257808063
0.7166666666666667 0.12208972174900624
0.717607973421927 0.12265758091993186
0.7152317880794702 0.12265758091993186
0.7161716171617162 0.12322544009085747
0.7171052631578947 0.12379329926178308
0.7147540983606557 0.12379329926178308
0.7156862745098039 0.12436115843270869
0.7133550488599348 0.12436115843270869
0.711038961038961 0.12436115843270869
0.7087378640776699 0.12436115843270869
0.7096774193548387 0.1249290176036343
0.707395498392283 0.1249290176036343
0.7083333333333334 0.1254968767745599
0.7092651757188498 0.1260647359454855
0.7070063694267515 0.1260647359454855
0.707936507936508 0.12663259511641112
0.7088607594936709 0.12720045428733673
0.7066246056782335 0.12720045428733673
0.7044025157232704 0.12720045428733673
0.7021943573667712 0.12720045428733673
0.7 0.12720045428733673
0.7009345794392523 0.12776831345826234
0.6987577639751553 0.12776831345826234
0.6965944272445821 0.12776831345826234
0.6944444444444444 0.12776831345826234
0.6953846153846154 0.12833617262918795
0.6932515337423313 0.12833617262918795
0.691131498470948 0.12833617262918795
0.6920731707317073 0.12890403180011356
0.6930091185410334 0.12947189097103917
0.693939393939394 0.13003975014196478
0.6948640483383686 0.1306076093128904
0.6927710843373494 0.1306076093128904
0.6936936936936937 0.131175468483816
0.6916167664670658 0.131175468483816
0.6925373134328359 0.13174332765474162
0.6904761904761905 0.13174332765474162
0.6884272997032641 0.13174332765474162
0.6893491124260355 0.13231118682566723
0.6902654867256637 0.13287904599659284
0.6882352941176471 0.13287904599659284
0.6862170087976539 0.13287904599659284
0.6842105263157895 0.13287904599659284
0.685131195335277 0.13344690516751845
0.6831395348837209 0.13344690516751845
0.6811594202898551 0.13344690516751845
0.6820809248554913 0.13401476433844406
0.6829971181556196 0.13458262350936967
0.6839080459770115 0.13515048268029528
0.6848137535816619 0.1357183418512209
0.6857142857142857 0.1362862010221465
0.6866096866096866 0.1368540601930721
0.6875 0.13742191936399772
0.6883852691218131 0.13798977853492334
0.6892655367231638 0.13855763770584895
0.6901408450704225 0.13912549687677456
0.6882022471910112 0.13912549687677456
0.6890756302521008 0.13969335604770017
0.6899441340782123 0.14026121521862578
0.6908077994428969 0.1408290743895514
0.6916666666666667 0.141396933560477
0.6897506925207756 0.141396933560477
0.6906077348066298 0.1419647927314026
0.6914600550964187 0.14253265190232822
0.6895604395604396 0.14253265190232822
0.6876712328767123 0.14253265190232822
0.6885245901639344 0.14310051107325383
0.6866485013623979 0.14310051107325383
0.6875 0.14366837024417944
0.6883468834688347 0.14423622941510506
0.6891891891891891 0.14480408858603067
0.6900269541778976 0.14537194775695628
0.6908602150537635 0.1459398069278819
0.6916890080428955 0.1465076660988075
0.6898395721925134 0.1465076660988075
0.6906666666666667 0.1470755252697331
0.6914893617021277 0.14764338444065872
0.6923076923076923 0.14821124361158433
0.6931216931216931 0.14877910278250994
0.6912928759894459 0.14877910278250994
0.6921052631578948 0.14934696195343555
0.6929133858267716 0.14991482112436116
0.6910994764397905 0.14991482112436116
0.6919060052219321 0.15048268029528677
0.6901041666666666 0.15048268029528677
0.6883116883116883 0.15048268029528677
0.6865284974093264 0.15048268029528677
0.6873385012919897 0.15105053946621239
0.6881443298969072 0.151618398637138
0.6889460154241646 0.1521862578080636
0.6871794871794872 0.1521862578080636
0.6854219948849105 0.1521862578080636
0.6836734693877551 0.1521862578080636
0.6844783715012722 0.15275411697898922
0.6852791878172588 0.15332197614991483
0.6860759493670886 0.15388983532084044
0.6843434343434344 0.15388983532084044
0.6851385390428212 0.15445769449176605
0.6859296482412061 0.15502555366269166
0.6842105263157895 0.15502555366269166
0.685 0.15559341283361727
0.683291770573566 0.15559341283361727
0.681592039800995 0.15559341283361727
0.6823821339950372 0.15616127200454288
0.6831683168316832 0.1567291311754685
0.6839506172839506 0.1572969903463941
0.6847290640394089 0.15786484951731972
0.6855036855036855 0.15843270868824533
0.6862745098039216 0.15900056785917094
0.684596577017115 0.15900056785917094
0.6853658536585366 0.15956842703009655
0.6861313868613139 0.16013628620102216
0.6868932038834952 0.16070414537194777
0.6852300242130751 0.16070414537194777
0.6835748792270532 0.16070414537194777
0.6819277108433734 0.16070414537194777
0.6826923076923077 0.16127200454287335
0.6834532374100719 0.16183986371379896
0.6818181818181818 0.16183986371379896
0.6801909307875895 0.16183986371379896
0.6785714285714286 0.16183986371379896
0.6793349168646081 0.16240772288472458
0.6777251184834123 0.16240772288472458
0.6784869976359338 0.1629755820556502
0.6768867924528302 0.1629755820556502
0.6776470588235294 0.1635434412265758
0.676056338028169 0.1635434412265758
0.6744730679156908 0.1635434412265758
0.6752336448598131 0.1641113003975014
0.675990675990676 0.16467915956842702
0.6744186046511628 0.16467915956842702
0.6751740139211136 0.16524701873935263
0.6736111111111112 0.16524701873935263
0.674364896073903 0.16581487791027824
0.6751152073732719 0.16638273708120385
0.6735632183908046 0.16638273708120385
0.6743119266055045 0.16695059625212946
0.6750572082379863 0.16751845542305507
0.6757990867579908 0.16808631459398068
0.6742596810933941 0.16808631459398068
0.6727272727272727 0.16808631459398068
0.673469387755102 0.1686541737649063
0.6719457013574661 0.1686541737649063
0.6704288939051919 0.1686541737649063
0.668918918918919 0.1686541737649063
0.6696629213483146 0.1692220329358319
0.6681614349775785 0.1692220329358319
0.6666666666666666 0.1692220329358319
0.6674107142857143 0.16978989210675752
0.6659242761692651 0.16978989210675752
0.6666666666666666 0.17035775127768313
0.6651884700665188 0.17035775127768313
0.665929203539823 0.17092561044860874
0.6666666666666666 0.17149346961953435
0.6674008810572687 0.17206132879045996
0.6681318681318681 0.17262918796138557
0.6666666666666666 0.17262918796138557
0.6673960612691466 0.17319704713231118
0.6681222707423581 0.1737649063032368
0.6688453159041394 0.1743327654741624
0.6695652173913044 0.17490062464508802
0.6681127982646421 0.17490062464508802
0.6666666666666666 0.17490062464508802
0.6673866090712743 0.17546848381601363
0.6681034482758621 0.17603634298693924
0.6666666666666666 0.17603634298693924
0.6673819742489271 0.17660420215786485
0.6659528907922913 0.17660420215786485
0.6645299145299145 0.17660420215786485
0.6631130063965884 0.17660420215786485
0.6617021276595745 0.17660420215786485
0.6602972399150743 0.17660420215786485
0.6610169491525424 0.17717206132879046
0.6596194503171248 0.17717206132879046
0.6582278481012658 0.17717206132879046
0.6589473684210526 0.17773992049971607
0.6596638655462185 0.17830777967064168
0.6582809224318659 0.17830777967064168
0.6569037656903766 0.17830777967064168
0.6576200417536534 0.1788756388415673
0.65625 0.1788756388415673
0.656964656964657 0.1794434980124929
0.6556016597510373 0.1794434980124929
0.6563146997929606 0.1800113571834185
0.6549586776859504 0.1800113571834185
0.6536082474226804 0.1800113571834185
0.6522633744855967 0.1800113571834185
0.6529774127310062 0.18057921635434412
0.6536885245901639 0.18114707552526974
0.6523517382413088 0.18114707552526974
0.6530612244897959 0.18171493469619535
0.6537678207739308 0.18228279386712096
0.6524390243902439 0.18228279386712096
0.6511156186612576 0.18228279386712096
0.6518218623481782 0.18285065303804657
0.6505050505050505 0.18285065303804657
0.6512096774193549 0.18341851220897218
0.6498993963782697 0.18341851220897218
0.6485943775100401 0.18341851220897218
0.6472945891783567 0.18341851220897218
0.648 0.1839863713798978
0.6487025948103793 0.1845542305508234
0.647410358565737 0.1845542305508234
0.6461232604373758 0.1845542305508234
0.6448412698412699 0.1845542305508234
0.6435643564356436 0.1845542305508234
0.6442687747035574 0.185122089721749
0.6449704142011834 0.18568994889267462
0.6456692913385826 0.18625780806360023
0.6444007858546169 0.18625780806360023
0.6431372549019608 0.18625780806360023
0.6418786692759295 0.18625780806360023
0.642578125 0.18682566723452584
0.6413255360623782 0.18682566723452584
0.642023346303502 0.18739352640545145
0.6407766990291263 0.18739352640545145
0.6395348837209303 0.18739352640545145
0.6402321083172147 0.18796138557637707
0.638996138996139 0.18796138557637707
0.6377649325626205 0.18796138557637707
0.6384615384615384 0.18852924474730268
0.6372360844529751 0.18852924474730268
0.6379310344827587 0.1890971039182283
0.6367112810707457 0.1890971039182283
0.6374045801526718 0.1896649630891539
0.6361904761904762 0.1896649630891539
0.6368821292775665 0.1902328222600795
0.6375711574952562 0.19080068143100512
0.6382575757575758 0.19136854060193073
0.6370510396975425 0.19136854060193073
0.6358490566037736 0.19136854060193073
0.6346516007532956 0.19136854060193073
0.6353383458646616 0.19193639977285634
0.6360225140712945 0.19250425894378195
0.6367041198501873 0.19307211811470756
0.6373831775700934 0.19363997728563317
0.6361940298507462 0.19363997728563317
0.6368715083798883 0.19420783645655879
0.637546468401487 0.1947756956274844
0.6363636363636364 0.1947756956274844
0.6351851851851852 0.1947756956274844
0.634011090573013 0.1947756956274844
0.6328413284132841 0.1947756956274844
0.6316758747697975 0.1947756956274844
0.6323529411764706 0.19534355479841
0.6330275229357798 0.19591141396933562
0.6336996336996337 0.1964792731402612
0.6343692870201096 0.1970471323111868
0.635036496350365 0.19761499148211242
0.6338797814207651 0.19761499148211242
0.6327272727272727 0.19761499148211242
0.6333938294010889 0.19818285065303803
0.6322463768115942 0.19818285065303803
0.6329113924050633 0.19875070982396364
0.6335740072202166 0.19931856899488926
0.6324324324324324 0.19931856899488926
0.6330935251798561 0.19988642816581487
0.6319569120287253 0.19988642816581487
0.6326164874551972 0.20045428733674048
0.6332737030411449 0.2010221465076661
0.6339285714285714 0.2015900056785917
0.6345811051693404 0.2021578648495173
0.6334519572953736 0.2021578648495173
0.6323268206039077 0.2021578648495173
0.6312056737588653 0.2021578648495173
0.631858407079646 0.20272572402044292
0.6325088339222615 0.20329358319136853
0.6313932980599647 0.20329358319136853
0.6302816901408451 0.20329358319136853
0.6291739894551845 0.20329358319136853
0.6298245614035087 0.20386144236229414
0.6287215411558669 0.20386144236229414
0.6276223776223776 0.20386144236229414
0.6282722513089005 0.20442930153321975
0.6289198606271778 0.20499716070414536
0.6278260869565218 0.20499716070414536
0.6284722222222222 0.20556501987507098
0.6273830155979203 0.20556501987507098
0.6262975778546713 0.20556501987507098
0.6252158894645942 0.20556501987507098
0.6258620689655172 0.2061328790459966
0.6247848537005164 0.2061328790459966
0.6254295532646048 0.2067007382169222
0.6260720411663808 0.2072685973878478
0.625 0.2072685973878478
0.6256410256410256 0.20783645655877342
0.6262798634812287 0.20840431572969903
0.6252129471890971 0.20840431572969903
0.6258503401360545 0.20897217490062464
0.6247877758913413 0.20897217490062464
0.6237288135593221 0.20897217490062464
0.622673434856176 0.20897217490062464
0.6216216216216216 0.20897217490062464
0.6222596964586846 0.20954003407155025
0.6212121212121212 0.20954003407155025
0.6218487394957983 0.21010789324247586
0.6208053691275168 0.21010789324247586
0.6197654941373534 0.21010789324247586
0.6204013377926422 0.21067575241340147
0.6210350584307178 0.21124361158432708
0.6216666666666667 0.2118114707552527
0.6206322795341098 0.2118114707552527
0.6212624584717608 0.2123793299261783
0.6218905472636815 0.21294718909710392
0.6225165562913907 0.21351504826802953
0.6214876033057851 0.21351504826802953
0.6221122112211221 0.21408290743895514
0.6210873146622735 0.21408290743895514
0.6200657894736842 0.21408290743895514
0.6190476190476191 0.21408290743895514
0.6180327868852459 0.21408290743895514
0.6170212765957447 0.21408290743895514
0.6160130718954249 0.21408290743895514
0.6150081566068516 0.21408290743895514
0.6156351791530945 0.21465076660988075
0.6146341463414634 0.21465076660988075
0.6152597402597403 0.21521862578080636
0.6158833063209076 0.21578648495173197
0.6148867313915858 0.21578648495173197
0.6155088852988692 0.21635434412265758
0.6161290322580645 0.2169222032935832
0.6151368760064412 0.2169222032935832
0.6157556270096463 0.2174900624645088
0.6163723916532905 0.21805792163543442
0.6153846153846154 0.21805792163543442
0.6144 0.21805792163543442
0.6134185303514377 0.21805792163543442
0.6124401913875598 0.21805792163543442
0.6130573248407644 0.21862578080636003
0.6136724960254372 0.21919363997728564
0.6126984126984127 0.21919363997728564
0.6117274167987322 0.21919363997728564
0.6123417721518988 0.21976149914821125
0.6129541864139021 0.22032935831913686
0.613564668769716 0.22089721749006247
0.6125984251968504 0.22089721749006247
0.6116352201257862 0.22089721749006247
0.6122448979591837 0.22146507666098808
0.6128526645768025 0.2220329358319137
0.6118935837245696 0.2220329358319137
0.6109375 0.2220329358319137
0.609984399375975 0.2220329358319137
0.6090342679127726 0.2220329358319137
0.609642301710731 0.2226007950028393
0.6086956521739131 0.2226007950028393
0.6093023255813953 0.2231686541737649
0.6099071207430341 0.22373651334469052
0.6089644513137558 0.22373651334469052
0.6080246913580247 0.22373651334469052
0.6070878274268104 0.22373651334469052
0.6061538461538462 0.22373651334469052
0.6067588325652842 0.22430437251561613
0.6073619631901841 0.22487223168654175
0.6064318529862175 0.22487223168654175
0.6070336391437309 0.22544009085746736
0.6061068702290077 0.22544009085746736
0.6067073170731707 0.22600795002839297
0.6057838660578386 0.22600795002839297
0.6048632218844985 0.22600795002839297
0.6039453717754173 0.22600795002839297
0.6045454545454545 0.22657580919931858
0.6051437216338881 0.2271436683702442
0.6042296072507553 0.2271436683702442
0.6048265460030166 0.2277115275411698
0.6054216867469879 0.2282793867120954
0.606015037593985 0.22884724588302102
0.6066066066066066 0.22941510505394663
0.6056971514242878 0.22941510505394663
0.6047904191616766 0.22941510505394663
0.6038863976083707 0.22941510505394663
0.6029850746268657 0.22941510505394663
0.6020864381520119 0.22941510505394663
0.6011904761904762 0.22941510505394663
0.6017830609212481 0.22998296422487224
0.6023738872403561 0.23055082339579785
0.6014814814814815 0.23055082339579785
0.6005917159763313 0.23055082339579785
0.5997045790251108 0.23055082339579785
0.5988200589970502 0.23055082339579785
0.5979381443298969 0.23055082339579785
0.5985294117647059 0.23111868256672347
0.5976505139500734 0.23111868256672347
0.5982404692082112 0.23168654173764908
0.5973645680819912 0.23168654173764908
0.597953216374269 0.23225440090857466
0.5970802919708029 0.23225440090857466
0.5962099125364432 0.23225440090857466
0.5967976710334789 0.23282226007950027
0.5959302325581395 0.23282226007950027
0.5950653120464441 0.23282226007950027
0.5942028985507246 0.23282226007950027
0.5933429811866859 0.23282226007950027
0.5939306358381503 0.23339011925042588
0.5945165945165946 0.2339579784213515
0.5936599423631124 0.2339579784213515
0.5928057553956835 0.2339579784213515
0.5919540229885057 0.2339579784213515
0.5911047345767575 0.2339579784213515
0.5916905444126075 0.2345258375922771
0.592274678111588 0.23509369676320271
0.5914285714285714 0.23509369676320271
0.5920114122681883 0.23566155593412833
0.5925925925925926 0.23622941510505394
0.5917496443812233 0.23622941510505394
0.5923295454545454 0.23679727427597955
0.5914893617021276 0.23679727427597955
0.5920679886685553 0.23736513344690516
0.5912305516265912 0.23736513344690516
0.5918079096045198 0.23793299261783077
0.5923836389280677 0.23850085178875638
0.5929577464788732 0.239068710959682
0.5921237693389592 0.239068710959682
0.5926966292134831 0.2396365701306076
0.5932678821879382 0.2402044293015332
0.592436974789916 0.2402044293015332
0.593006993006993 0.24077228847245882
0.5935754189944135 0.24134014764338443
0.592747559274756 0.24134014764338443
0.5933147632311978 0.24190800681431004
0.5924895688456189 0.24190800681431004
0.5916666666666667 0.24190800681431004
0.5908460471567267 0.24190800681431004
0.590027700831025 0.24190800681431004
0.5892116182572614 0.24190800681431004
0.5883977900552486 0.24190800681431004
0.5875862068965517 0.24190800681431004
0.5881542699724518 0.24247586598523566
0.5873452544704264 0.24247586598523566
0.5865384615384616 0.24247586598523566
0.5857338820301783 0.24247586598523566
0.584931506849315 0.24247586598523566
0.5841313269493844 0.24247586598523566
0.5846994535519126 0.24304372515616127
0.5839017735334243 0.24304372515616127
0.5844686648501363 0.24361158432708688
0.5836734693877551 0.24361158432708688
0.5842391304347826 0.2441794434980125
0.5848032564450475 0.2447473026689381
0.5840108401084011 0.2447473026689381
0.584573748308525 0.2453151618398637
0.5837837837837838 0.2453151618398637
0.5843454790823212 0.24588302101078932
0.5835579514824798 0.24588302101078932
0.5827725437415882 0.24588302101078932
0.5833333333333334 0.24645088018171493
0.5838926174496645 0.24701873935264054
0.5844504021447721 0.24758659852356615
0.5850066934404283 0.24815445769449176
0.5842245989304813 0.24815445769449176
0.5834445927903872 0.24815445769449176
0.584 0.24872231686541738
0.5845539280958721 0.249290176036343
0.5837765957446809 0.249290176036343
0.5830013280212484 0.249290176036343
0.5822281167108754 0.249290176036343
0.5827814569536424 0.2498580352072686
0.582010582010582 0.2498580352072686
0.5812417437252312 0.2498580352072686
0.5817941952506597 0.2504258943781942
0.5823451910408433 0.2509937535491198
0.5815789473684211 0.2509937535491198
0.580814717477004 0.2509937535491198
0.5800524934383202 0.2509937535491198
0.580602883355177 0.2515616127200454
0.5798429319371727 0.2515616127200454
0.5803921568627451 0.252129471890971
0.5809399477806788 0.2526973310618966
0.5801825293350718 0.2526973310618966
0.5807291666666666 0.25326519023282223
0.5799739921976593 0.25326519023282223
0.5805194805194805 0.25383304940374785
0.5797665369649806 0.25383304940374785
0.5790155440414507 0.25383304940374785
0.5782664941785253 0.25383304940374785
0.5788113695090439 0.25440090857467346
0.5793548387096774 0.25496876774559907
0.5786082474226805 0.25496876774559907
0.5778635778635779 0.25496876774559907
0.5784061696658098 0.2555366269165247
0.5789473684210527 0.2561044860874503
0.5794871794871795 0.2566723452583759
0.5800256081946222 0.2572402044293015
0.5805626598465473 0.2578080636002271
0.5798212005108557 0.2578080636002271
0.5790816326530612 0.2578080636002271
0.5796178343949044 0.25837592277115273
0.5801526717557252 0.25894378194207834
0.579415501905972 0.25894378194207834
0.5799492385786802 0.25951164111300395
0.5792141951837769 0.25951164111300395
0.5784810126582278 0.25951164111300395
0.5777496839443742 0.25951164111300395
0.5782828282828283 0.26007950028392957
0.5788146279949559 0.2606473594548552
0.5780856423173804 0.2606473594548552
0.5786163522012578 0.2612152186257808
0.5778894472361809 0.2612152186257808
0.5771643663739021 0.2612152186257808
0.5764411027568922 0.2612152186257808
0.5757196495619524 0.2612152186257808
0.57625 0.2617830777967064
0.5755305867665418 0.2617830777967064
0.5760598503740648 0.262350936967632
0.5765877957658779 0.2629187961385576
0.5771144278606966 0.26348665530948323
0.5763975155279503 0.26348665530948323
0.5769230769230769 0.26405451448040884
0.5762081784386617 0.26405451448040884
0.5754950495049505 0.26405451448040884
0.5760197775030902 0.26462237365133445
0.5753086419753086 0.26462237365133445
0.5758323057953144 0.26519023282226006
0.5751231527093597 0.26519023282226006
0.5756457564575646 0.2657580919931857
0.5749385749385749 0.2657580919931857
0.5742331288343558 0.2657580919931857
0.5735294117647058 0.2657580919931857
0.5740514075887393 0.2663259511641113
0.5745721271393643 0.2668938103350369
0.5738705738705738 0.2668938103350369
0.574390243902439 0.2674616695059625
0.5749086479902558 0.2680295286768881
0.5754257907542579 0.26859738784781373
0.574726609963548 0.26859738784781373
0.5752427184466019 0.26916524701873934
0.5745454545454546 0.26916524701873934
0.5750605326876513 0.26973310618966495
0.5755743651753326 0.27030096536059056
0.5760869565217391 0.2708688245315162
0.5765983112183354 0.2714366837024418
0.5759036144578313 0.2714366837024418
0.5752105896510229 0.2714366837024418
0.5757211538461539 0.2720045428733674
0.575030012004802 0.2720045428733674
0.5755395683453237 0.272572402044293
0.5748502994011976 0.272572402044293
0.5753588516746412 0.2731402612152186
0.5758661887694145 0.2737081203861442
0.5751789976133651 0.2737081203861442
0.5756853396901073 0.27427597955706984
0.5761904761904761 0.27484383872799545
0.5755053507728894 0.27484383872799545
0.5748218527315915 0.27484383872799545
0.5741399762752076 0.27484383872799545
0.5746445497630331 0.27541169789892106
0.5739644970414202 0.27541169789892106
0.574468085106383 0.27597955706984667
0.5749704840613932 0.2765474162407723
0.5742924528301887 0.2765474162407723
0.5736160188457008 0.2765474162407723
0.5741176470588235 0.2771152754116979
0.5734430082256169 0.2771152754116979
0.5727699530516432 0.2771152754116979
0.5720984759671747 0.2771152754116979
0.5714285714285714 0.2771152754116979
0.5707602339181287 0.2771152754116979
0.5712616822429907 0.2776831345826235
0.5705950991831972 0.2776831345826235
0.5699300699300699 0.2776831345826235
0.5692665890570431 0.2776831345826235
0.5697674418604651 0.2782509937535491
0.5691056910569106 0.2782509937535491
0.568445475638051 0.2782509937535491
0.5689455388180765 0.2788188529244747
0.5694444444444444 0.27938671209540034
0.5699421965317919 0.27995457126632595
0.569284064665127 0.27995457126632595
0.5697808535178778 0.28052243043725156
0.5691244239631337 0.28052243043725156
0.5684695051783659 0.28052243043725156
0.5689655172413793 0.28109028960817717
0.5694603903559128 0.2816581487791028
0.5688073394495413 0.2816581487791028
0.5693012600229095 0.2822260079500284
0.5697940503432495 0.282793867120954
0.5691428571428572 0.282793867120954
0.5684931506849316 0.282793867120954
0.5678449258836944 0.282793867120954
0.5671981776765376 0.282793867120954
0.5665529010238908 0.282793867120954
0.5659090909090909 0.282793867120954
0.5664018161180476 0.2833617262918796
0.5657596371882087 0.2833617262918796
0.565118912797282 0.2833617262918796
0.5644796380090498 0.2833617262918796
0.5638418079096045 0.2833617262918796
0.5643340857787811 0.2839295854628052
0.5648252536640361 0.28449744463373083
0.5653153153153153 0.28506530380465644
0.5646794150731158 0.28506530380465644
0.5640449438202247 0.28506530380465644
0.5634118967452301 0.28506530380465644
0.5627802690582959 0.28506530380465644
0.5621500559910414 0.28506530380465644
0.5626398210290827 0.28563316297558206
0.5620111731843576 0.28563316297558206
0.5625 0.28620102214650767
0.5629877369007804 0.2867688813174333
0.5634743875278396 0.2873367404883589
0.5639599555061179 0.2879045996592845
0.5633333333333334 0.2879045996592845
0.5638179800221975 0.2884724588302101
0.5643015521064302 0.2890403180011357
0.5647840531561462 0.28960817717206133
0.5652654867256637 0.29017603634298694
0.5657458563535912 0.29074389551391255
0.565121412803532 0.29074389551391255
0.565600882028666 0.29131175468483816
0.5649779735682819 0.29131175468483816
0.5654565456545655 0.2918796138557638
0.5659340659340659 0.2924474730266894
0.5653128430296378 0.2924474730266894
0.5657894736842105 0.293015332197615
0.5651697699890471 0.293015332197615
0.5656455142231948 0.2935831913685406
0.566120218579235 0.2941510505394662
0.5665938864628821 0.29471890971039183
0.5670665212649946 0.29528676888131744
0.5664488017429193 0.29528676888131744
0.5658324265505985 0.29528676888131744
0.5652173913043478 0.29528676888131744
0.5656894679695983 0.29585462805224305
0.5650759219088937 0.29585462805224305
0.5644637053087758 0.29585462805224305
0.564935064935065 0.29642248722316866
0.5654054054054054 0.2969903463940943
0.5647948164146869 0.2969903463940943
0.564185544768069 0.2969903463940943
0.5646551724137931 0.2975582055650199
0.5640473627556513 0.2975582055650199
0.5645161290322581 0.2981260647359455
0.564983888292159 0.2986939239068711
0.5654506437768241 0.2992617830777967
0.564844587352626 0.2992617830777967
0.5642398286937902 0.2992617830777967
0.5647058823529412 0.29982964224872233
0.5641025641025641 0.29982964224872233
0.5645677694770544 0.30039750141964794
0.5639658848614072 0.30039750141964794
0.5633652822151225 0.30039750141964794
0.5638297872340425 0.30096536059057355
0.563230605738576 0.30096536059057355
0.5626326963906582 0.30096536059057355
0.5630965005302226 0.30153321976149916
0.5635593220338984 0.30210107893242477
0.562962962962963 0.30210107893242477
0.5623678646934461 0.30210107893242477
0.5628299894403379 0.3026689381033504
0.5622362869198312 0.3026689381033504
0.5616438356164384 0.3026689381033504
0.5621052631578948 0.303236797274276
0.5615141955835962 0.303236797274276
0.5619747899159664 0.3038046564452016
0.5613850996852047 0.3038046564452016
0.560796645702306 0.3038046564452016
0.5612565445026177 0.3043725156161272
0.5606694560669456 0.3043725156161272
0.5611285266457681 0.3049403747870528
0.5605427974947808 0.3049403747870528
0.5599582898852972 0.3049403747870528
0.5604166666666667 0.30550823395797844
0.5598335067637877 0.30550823395797844
0.5592515592515592 0.30550823395797844
0.5586708203530634 0.30550823395797844
0.558091286307054 0.30550823395797844
0.5575129533678757 0.30550823395797844
0.556935817805383 0.30550823395797844
0.5573940020682523 0.30607609312890405
0.5568181818181818 0.30607609312890405
0.5562435500515995 0.30607609312890405
0.5556701030927835 0.30607609312890405
0.5550978372811535 0.30607609312890405
0.5545267489711934 0.30607609312890405
0.5539568345323741 0.30607609312890405
0.553388090349076 0.30607609312890405
0.5528205128205128 0.30607609312890405
0.5532786885245902 0.30664395229982966
0.5537359263050153 0.30721181147075527
0.5541922290388548 0.3077796706416809
0.5536261491317671 0.3077796706416809
0.5530612244897959 0.3077796706416809
0.5524974515800204 0.3077796706416809
0.5519348268839104 0.3077796706416809
0.5513733468972533 0.3077796706416809
0.551829268292683 0.3083475298126065
0.5512690355329949 0.3083475298126065
0.5517241379310345 0.3089153889835321
0.5511651469098278 0.3089153889835321
0.5506072874493927 0.3089153889835321
0.5500505561172901 0.3089153889835321
0.5494949494949495 0.3089153889835321
0.549949545913219 0.3094832481544577
0.5504032258064516 0.3100511073253833
0.5498489425981873 0.3100511073253833
0.5492957746478874 0.3100511073253833
0.549748743718593 0.31061896649630893
0.5502008032128514 0.31118682566723455
0.5506519558676028 0.31175468483816016
0.5501002004008017 0.31175468483816016
0.5495495495495496 0.31175468483816016
0.55 0.31232254400908577
0.5504495504495505 0.3128904031800114
0.5508982035928144 0.313458262350937
0.551345962113659 0.3140261215218626
0.5507968127490039 0.3140261215218626
0.5502487562189055 0.3140261215218626
0.5497017892644135 0.3140261215218626
0.5491559086395233 0.3140261215218626
0.5496031746031746 0.3145939806927882
0.5500495540138751 0.3151618398637138
0.5495049504950495 0.3151618398637138
0.5499505440158259 0.31572969903463943
0.549407114624506 0.31572969903463943
0.5498519249753209 0.31629755820556504
0.5502958579881657 0.31686541737649065
0.5497536945812808 0.31686541737649065
0.5501968503937008 0.31743327654741627
0.5496558505408063 0.31743327654741627
0.5491159135559921 0.31743327654741627
0.5485770363101079 0.31743327654741627
0.5480392156862746 0.31743327654741627
0.5475024485798237 0.31743327654741627
0.547945205479452 0.3180011357183419
0.5474095796676441 0.3180011357183419
0.546875 0.3180011357183419
0.5463414634146342 0.3180011357183419
0.5458089668615984 0.3180011357183419
0.5462512171372931 0.3185689948892675
0.546692607003891 0.3191368540601931
0.5461613216715258 0.3191368540601931
0.545631067961165 0.3191368540601931
0.545101842870999 0.3191368540601931
0.5445736434108527 0.3191368540601931
0.5440464666021297 0.3191368540601931
0.5444874274661509 0.3197047132311187
0.5449275362318841 0.3202725724020443
0.5444015444015444 0.3202725724020443
0.5438765670202508 0.3202725724020443
0.5433526011560693 0.3202725724020443
0.5428296438883542 0.3202725724020443
0.5423076923076923 0.3202725724020443
0.5417867435158501 0.3202725724020443
0.5422264875239923 0.32084043157296993
0.5426653883029722 0.32140829074389554
0.5431034482758621 0.3219761499148211
0.5435406698564593 0.3225440090857467
0.5430210325047801 0.3225440090857467
0.542502387774594 0.3225440090857467
0.5429389312977099 0.3231118682566723
0.5424213536701621 0.3231118682566723
0.5419047619047619 0.3231118682566723
0.5413891531874405 0.3231118682566723
0.5408745247148289 0.3231118682566723
0.540360873694207 0.3231118682566723
0.5398481973434535 0.3231118682566723
0.5393364928909953 0.3231118682566723
0.5388257575757576 0.3231118682566723
0.5383159886471145 0.3231118682566723
0.5387523629489603 0.32367972742759793
0.5382436260623229 0.32367972742759793
0.5386792452830189 0.32424758659852354
0.5381715362865221 0.32424758659852354
0.5376647834274952 0.32424758659852354
0.5371589840075258 0.32424758659852354
0.5366541353383458 0.32424758659852354
0.536150234741784 0.32424758659852354
0.5356472795497186 0.32424758659852354
0.53514526710403 0.32424758659852354
0.5346441947565543 0.32424758659852354
0.5341440598690365 0.32424758659852354
0.5345794392523364 0.32481544576944915
0.5340802987861811 0.32481544576944915
0.5335820895522388 0.32481544576944915
0.5330848089468779 0.32481544576944915
0.5335195530726257 0.32538330494037476
0.5330232558139535 0.32538330494037476
0.5325278810408922 0.32538330494037476
0.532033426183844 0.32538330494037476
0.5315398886827458 0.32538330494037476
0.531047265987025 0.32538330494037476
0.5305555555555556 0.32538330494037476
0.5300647548566142 0.32538330494037476
0.5295748613678374 0.32538330494037476
0.5300092336103417 0.3259511641113004
0.5295202952029521 0.3259511641113004
0.5299539170506913 0.326519023282226
0.5294659300184162 0.326519023282226
0.5298988040478381 0.3270868824531516
0.5303308823529411 0.3276547416240772
0.5298438934802571 0.3276547416240772
0.5302752293577981 0.3282226007950028
0.5297891842346472 0.3282226007950028
0.5302197802197802 0.3287904599659284
0.5297346752058555 0.3287904599659284
0.5301645338208409 0.32935831913685404
0.5296803652968036 0.32935831913685404
0.5301094890510949 0.32992617830777965
0.5296262534184139 0.32992617830777965
0.5300546448087432 0.33049403747870526
0.5295723384895359 0.33049403747870526
0.5290909090909091 0.33049403747870526
0.5286103542234333 0.33049403747870526
0.5281306715063521 0.33049403747870526
0.527651858567543 0.33049403747870526
0.5271739130434783 0.33049403747870526
0.5266968325791855 0.33049403747870526
0.5262206148282098 0.33049403747870526
0.5257452574525745 0.33049403747870526
0.5252707581227437 0.33049403747870526
0.5256988277727682 0.33106189664963087
0.5252252252252252 0.33106189664963087
0.5256525652565257 0.3316297558205565
0.5260791366906474 0.3321976149914821
0.5256064690026954 0.3321976149914821
0.5251346499102334 0.3321976149914821
0.5246636771300448 0.3321976149914821
0.525089605734767 0.3327654741624077
0.5246195165622203 0.3327654741624077
0.5241502683363148 0.3327654741624077
0.5236818588025023 0.3327654741624077
0.5241071428571429 0.3333333333333333
0.5245316681534344 0.3339011925042589
0.5240641711229946 0.3339011925042589
0.5235975066785397 0.3339011925042589
0.5231316725978647 0.3339011925042589
0.5235555555555556 0.33446905167518454
0.5230905861456483 0.33446905167518454
0.5226264418811003 0.33446905167518454
0.5221631205673759 0.33446905167518454
0.5225863596102746 0.33503691084611015
0.5221238938053098 0.33503691084611015
0.5216622458001768 0.33503691084611015
0.5220848056537103 0.33560477001703576
0.5216240070609003 0.33560477001703576
0.5211640211640212 0.33560477001703576
0.520704845814978 0.33560477001703576
0.5211267605633803 0.33617262918796137
0.5206684256816183 0.33617262918796137
0.5202108963093146 0.33617262918796137
0.5197541703248464 0.33617262918796137
0.519298245614035 0.33617262918796137
0.5188431200701139 0.33617262918796137
0.5183887915936952 0.33617262918796137
0.5179352580927384 0.33617262918796137
0.5174825174825175 0.33617262918796137
0.5179039301310043 0.336740488358887
0.5174520069808028 0.336740488358887
0.5170008718395815 0.336740488358887
0.5174216027874564 0.3373083475298126
0.5169712793733682 0.3373083475298126
0.5173913043478261 0.3378762067007382
0.5178105994787141 0.3384440658716638
0.5173611111111112 0.3384440658716638
0.5169124024284475 0.3384440658716638
0.5164644714038128 0.3384440658716638
0.516017316017316 0.3384440658716638
0.5164359861591695 0.3390119250425894
0.5159896283491789 0.3390119250425894
0.5155440414507773 0.3390119250425894
0.5150992234685073 0.3390119250425894
0.5146551724137931 0.3390119250425894
0.5142118863049095 0.3390119250425894
0.5137693631669535 0.3390119250425894
0.5141874462596733 0.33957978421351503
0.5137457044673539 0.33957978421351503
0.5133047210300429 0.33957978421351503
0.5137221269296741 0.34014764338444065
0.5132819194515853 0.34014764338444065
0.5136986301369864 0.34071550255536626
0.514114627887083 0.34128336172629187
0.5145299145299145 0.3418512208972175
0.5140905209222887 0.3418512208972175
0.5136518771331058 0.3418512208972175
0.5132139812446718 0.3418512208972175
0.5127768313458262 0.3418512208972175
0.512340425531915 0.3418512208972175
0.5127551020408163 0.3424190800681431
0.5123194562446899 0.3424190800681431
0.5118845500848896 0.3424190800681431
0.5114503816793893 0.3424190800681431
0.511864406779661 0.3429869392390687
0.5114309906858594 0.3429869392390687
0.5109983079526227 0.3429869392390687
0.5105663567202029 0.3429869392390687
0.5101351351351351 0.3429869392390687
0.510548523206751 0.3435547984099943
0.5101180438448567 0.3435547984099943
0.5096882898062342 0.3435547984099943
0.5092592592592593 0.3435547984099943
0.5088309503784693 0.3435547984099943
0.5092436974789916 0.3441226575809199
0.5096557514693535 0.34469051675184553
0.5092281879194631 0.34469051675184553
0.5088013411567477 0.34469051675184553
0.5083752093802345 0.34469051675184553
0.5087866108786611 0.34525837592277114
0.5091973244147158 0.34582623509369675
0.5087719298245614 0.34582623509369675
0.508347245409015 0.34582623509369675
0.5079232693911593 0.34582623509369675
0.5075 0.34582623509369675
0.5070774354704413 0.34582623509369675
0.5066555740432612 0.34582623509369675
0.5070656691604323 0.34639409426462237
0.5074750830564784 0.346961953435548
0.5070539419087137 0.346961953435548
0.5066334991708126 0.346961953435548
0.5070422535211268 0.3475298126064736
0.5074503311258278 0.3480976717773992
0.5070306038047974 0.3480976717773992
0.5074380165289256 0.3486655309483248
0.5078447563996696 0.3492333901192504
0.5074257425742574 0.3492333901192504
0.5070074196207749 0.3492333901192504
0.5065897858319605 0.3492333901192504
0.5061728395061729 0.3492333901192504
0.5057565789473685 0.3492333901192504
0.5053410024650781 0.3492333901192504
0.5057471264367817 0.34980124929017603
0.505332239540607 0.34980124929017603
0.5049180327868853 0.34980124929017603
0.5053235053235053 0.35036910846110164
0.5057283142389526 0.35093696763202725
0.5061324611610794 0.35150482680295286
0.505718954248366 0.35150482680295286
0.5053061224489795 0.35150482680295286
0.5048939641109299 0.35150482680295286
0.5052974735126324 0.3520726859738785
0.504885993485342 0.3520726859738785
0.5044751830756713 0.3520726859738785
0.5048780487804878 0.3526405451448041
0.50446791226645 0.3526405451448041
0.5040584415584416 0.3526405451448041
0.5036496350364964 0.3526405451448041
0.5032414910858996 0.3526405451448041
0.5028340080971659 0.3526405451448041
0.5024271844660194 0.3526405451448041
0.502021018593371 0.3526405451448041
0.5016155088852988 0.3526405451448041
0.5020177562550444 0.3532084043157297
0.5016129032258064 0.3532084043157297
0.5020145044319098 0.3537762634866553
0.501610305958132 0.3537762634866553
0.501206757843926 0.3537762634866553
0.5008038585209004 0.3537762634866553
0.5004016064257029 0.3537762634866553
0.5 0.3537762634866553
0.4995990376904571 0.3537762634866553
0.49919871794871795 0.3537762634866553
0.49879903923138513 0.3537762634866553
0.4984 0.3537762634866553
0.4980015987210232 0.3537762634866553
0.4984025559105431 0.3543441226575809
0.4980047885075818 0.3543441226575809
0.4984051036682616 0.35491198182850653
0.49800796812749004 0.35491198182850653
0.4984076433121019 0.35547984099943214
0.49801113762927607 0.35547984099943214
0.49761526232114467 0.35547984099943214
0.4980142970611596 0.35604770017035775
0.4976190476190476 0.35604770017035775
0.4980174464710547 0.35661555934128336
0.4976228209191759 0.35661555934128336
0.4972288202692003 0.35661555934128336
0.49683544303797467 0.35661555934128336
0.4964426877470356 0.35661555934128336
0.4968404423380727 0.35718341851220897
0.4964483030781373 0.35718341851220897
0.4960567823343849 0.35718341851220897
0.49645390070921985 0.3577512776831346
0.49606299212598426 0.3577512776831346
0.4956726986624705 0.3577512776831346
0.49528301886792453 0.3577512776831346
0.4948939512961508 0.3577512776831346
0.49529042386185246 0.3583191368540602
0.4949019607843137 0.3583191368540602
0.4952978056426332 0.3588869960249858
0.49490994518402504 0.3588869960249858
0.4945226917057903 0.3588869960249858
0.4949179046129789 0.3594548551959114
0.49453125 0.3594548551959114
0.49414519906323184 0.3594548551959114
0.49375975039001563 0.3594548551959114
0.49337490257209665 0.3594548551959114
0.4929906542056075 0.3594548551959114
0.4926070038910506 0.3594548551959114
0.49222395023328147 0.3594548551959114
0.49184149184149184 0.3594548551959114
0.49145962732919257 0.3594548551959114
0.4910783553141971 0.3594548551959114
0.49147286821705427 0.360022714366837
0.4918667699457785 0.36059057353776264
0.4914860681114551 0.36059057353776264
0.4918793503480278 0.36115843270868825
0.49227202472952086 0.36172629187961386
0.49266409266409267 0.36229415105053947
0.49228395061728397 0.36229415105053947
0.4919043947571318 0.36229415105053947
0.4915254237288136 0.36229415105053947
0.4911470361816782 0.36229415105053947
0.4907692307692308 0.36229415105053947
0.49039200614911604 0.36229415105053947
0.49001536098310294 0.36229415105053947
0.4904067536454336 0.3628620102214651
0.49079754601226994 0.3634298693923907
0.4904214559386973 0.3634298693923907
0.4900459418070444 0.3634298693923907
0.4904361132364193 0.3639977285633163
0.4900611620795107 0.3639977285633163
0.48968678380443087 0.3639977285633163
0.48931297709923666 0.3639977285633163
0.4889397406559878 0.3639977285633163
0.4885670731707317 0.3639977285633163
0.4881949733434882 0.3639977285633163
0.4878234398782344 0.3639977285633163
0.4874524714828897 0.3639977285633163
0.4878419452887538 0.3645655877342419
0.4882308276385725 0.3651334469051675
0.48786039453717756 0.3651334469051675
0.4874905231235785 0.3651334469051675
0.4871212121212121 0.3651334469051675
0.4867524602573808 0.3651334469051675
0.4863842662632375 0.3651334469051675
0.4860166288737717 0.3651334469051675
0.48564954682779454 0.3651334469051675
0.4852830188679245 0.3651334469051675
0.4856711915535445 0.36570130607609314
0.4853051996985682 0.36570130607609314
0.48493975903614456 0.36570130607609314
0.4853273137697517 0.36626916524701875
0.4849624060150376 0.36626916524701875
0.48459804658151767 0.36626916524701875
0.48423423423423423 0.36626916524701875
0.4846211552888222 0.36683702441794436
0.48425787106446777 0.36683702441794436
0.4846441947565543 0.36740488358886997
0.48502994011976047 0.3679727427597956
0.4846671652954376 0.3679727427597956
0.4850523168908819 0.3685406019307212
0.48469006721433905 0.3685406019307212
0.4843283582089552 0.3685406019307212
0.48396718866517524 0.3685406019307212
0.4843517138599106 0.3691084611016468
0.48399106478034254 0.3691084611016468
0.484375 0.3696763202725724
0.48401486988847586 0.3696763202725724
0.4836552748885587 0.3696763202725724
0.48329621380846327 0.3696763202725724
0.48293768545994065 0.3696763202725724
0.4825796886582654 0.3696763202725724
0.482962962962963 0.370244179443498
0.4826054774241303 0.370244179443498
0.48298816568047337 0.37081203861442363
0.4826311899482631 0.37081203861442363
0.48227474150664695 0.37081203861442363
0.4819188191881919 0.37081203861442363
0.48156342182890854 0.37081203861442363
0.4812085482682388 0.37081203861442363
0.4808541973490427 0.37081203861442363
0.48050036791758644 0.37081203861442363
0.4801470588235294 0.37081203861442363
0.47979426891991184 0.37081203861442363
0.47944199706314244 0.37081203861442363
0.4798239178283199 0.37137989778534924
0.47947214076246336 0.37137989778534924
0.47985347985347987 0.37194775695627486
0.479502196193265 0.37194775695627486
0.479151426481346 0.37194775695627486
0.47953216374269003 0.37251561612720047
0.47918188458729 0.37251561612720047
0.47883211678832116 0.37251561612720047
0.4784828592268417 0.37251561612720047
0.478134110787172 0.37251561612720047
0.47778587035688275 0.37251561612720047
0.4774381368267831 0.37251561612720047
0.4778181818181818 0.3730834752981261
0.47747093023255816 0.3730834752981261
0.477124183006536 0.3730834752981261
0.47750362844702465 0.3736513344690517
0.47715736040609136 0.3736513344690517
0.47753623188405797 0.3742191936399773
0.4779145546705286 0.3747870528109029
0.47756874095513746 0.3747870528109029
0.4772234273318872 0.3747870528109029
0.476878612716763 0.3747870528109029
0.47653429602888087 0.3747870528109029
0.47619047619047616 0.3747870528109029
0.47584715212689255 0.3747870528109029
0.4755043227665706 0.3747870528109029
0.47588192944564434 0.3753549119818285
0.47553956834532374 0.3753549119818285
0.47519769949676494 0.3753549119818285
0.47485632183908044 0.3753549119818285
0.4745154343144293 0.3753549119818285
0.4748923959827834 0.37592277115275413
0.4745519713261649 0.37592277115275413
0.47421203438395415 0.37592277115275413
0.47458840372226196 0.37649063032367974
0.4742489270386266 0.37649063032367974
0.4746247319513939 0.37705848949460535
0.4742857142857143 0.37705848949460535
0.47466095645967166 0.37762634866553096
0.4743223965763195 0.37762634866553096
0.47398431931575197 0.37762634866553096
0.47435897435897434 0.3781942078364566
0.47473309608540926 0.3787620670073822
0.4743954480796586 0.3787620670073822
0.47405828002842926 0.3787620670073822
0.4737215909090909 0.3787620670073822
0.47338537970191624 0.3787620670073822
0.47304964539007094 0.3787620670073822
0.47342310418143163 0.3793299261783078
0.4730878186968839 0.3793299261783078
0.4727530077848549 0.3793299261783078
0.4724186704384724 0.3793299261783078
0.472791519434629 0.3798977853492334
0.4731638418079096 0.380465644520159
0.4735356386732534 0.38103350369108463
0.47320169252468264 0.38103350369108463
0.4728682170542636 0.38103350369108463
0.4725352112676056 0.38103350369108463
0.4722026741731175 0.38103350369108463
0.47187060478199716 0.38103350369108463
0.47224174279690795 0.38160136286201024
0.4726123595505618 0.38216922203293585
0.4729824561403509 0.38273708120386146
0.47335203366058903 0.3833049403747871
0.4730203223545901 0.3833049403747871
0.4733893557422969 0.3838727995457127
0.4730580825752274 0.3838727995457127
0.4727272727272727 0.3838727995457127
0.47309573724668064 0.3844406587166383
0.4727653631284916 0.3844406587166383
0.4724354501046755 0.3844406587166383
0.4721059972105997 0.3844406587166383
0.47247386759581883 0.3850085178875639
0.47284122562674097 0.3855763770584895
0.4732080723729993 0.3861442362294151
0.4728789986091794 0.3861442362294151
0.47255038220986795 0.3861442362294151
0.47291666666666665 0.38671209540034074
0.4732824427480916 0.38727995457126635
0.4736477115117892 0.38784781374219196
0.47401247401247404 0.38841567291311757
0.47368421052631576 0.38841567291311757
0.473356401384083 0.38841567291311757
0.4730290456431535 0.38841567291311757
0.4727021423635107 0.38841567291311757
0.4723756906077348 0.38841567291311757
0.4720496894409938 0.38841567291311757
0.47172413793103446 0.38841567291311757
0.47139903514817366 0.38841567291311757
0.47176308539944906 0.3889835320840432
0.47143840330351 0.3889835320840432
0.47111416781292986 0.3889835320840432
0.47147766323024054 0.3895513912549688
0.47115384615384615 0.3895513912549688
0.4708304735758408 0.3895513912549688
0.47050754458161864 0.3895513912549688
0.4701850582590816 0.3895513912549688
0.46986301369863015 0.3895513912549688
0.4702258726899384 0.3901192504258944
0.46990424076607384 0.3901192504258944
0.47026657552973344 0.39068710959682
0.47062841530054644 0.3912549687677456
0.47030716723549487 0.3912549687677456
0.46998635743519784 0.3912549687677456
0.46966598500340834 0.3912549687677456
0.46934604904632155 0.3912549687677456
0.4697072838665759 0.39182282793867124
0.46938775510204084 0.39182282793867124
0.4697484704282801 0.39239068710959685
0.469429347826087 0.39239068710959685
0.46911065852002715 0.39239068710959685
0.4687924016282225 0.39239068710959685
0.46847457627118644 0.39239068710959685
0.46815718157181574 0.39239068710959685
0.46784021665538256 0.39239068710959685
0.46820027063599456 0.3929585462805224
0.4678837052062204 0.3929585462805224
0.46756756756756757 0.3929585462805224
0.4679270762997974 0.393526405451448
0.4676113360323887 0.393526405451448
0.4672960215778827 0.393526405451448
0.4669811320754717 0.393526405451448
0.4666666666666667 0.393526405451448
0.46635262449528936 0.393526405451448
0.4660390047074647 0.393526405451448
0.46639784946236557 0.3940942646223736
0.46608462055070515 0.3940942646223736
0.4657718120805369 0.3940942646223736
0.46545942320590206 0.3940942646223736
0.4651474530831099 0.3940942646223736
0.4655056932350971 0.39466212379329924
0.46519410977242304 0.39466212379329924
0.46488294314381273 0.39466212379329924
0.464572192513369 0.39466212379329924
0.4649298597194389 0.39522998296422485
0.46461949265687585 0.39522998296422485
0.46497665110073383 0.39579784213515046
0.4653333333333333 0.39636570130607607
0.46568954030646237 0.3969335604770017
0.46604527296937415 0.3975014196479273
0.46640053226879574 0.3980692788188529
0.4660904255319149 0.3980692788188529
0.4664451827242525 0.3986371379897785
0.46613545816733065 0.3986371379897785
0.46582614465826144 0.3986371379897785
0.46551724137931033 0.3986371379897785
0.46520874751491054 0.3986371379897785
0.46556291390728477 0.3992049971607041
0.46525479814692255 0.3992049971607041
0.46494708994708994 0.3992049971607041
0.465300727032386 0.39977285633162973
0.46499339498018494 0.39977285633162973
0.46534653465346537 0.40034071550255534
0.4656992084432718 0.40090857467348096
0.4653922214897825 0.40090857467348096
0.4657444005270092 0.40147643384440657
0.46543778801843316 0.40147643384440657
0.4651315789473684 0.40147643384440657
0.4648257725180802 0.40147643384440657
0.4645203679369251 0.40147643384440657
0.46421536441234407 0.40147643384440657
0.46391076115485563 0.40147643384440657
0.4636065573770492 0.40147643384440657
0.463302752293578 0.40147643384440657
0.4629993451211526 0.40147643384440657
0.462696335078534 0.40147643384440657
0.4623937213865271 0.40147643384440657
0.4627450980392157 0.4020442930153322
0.46244284781188766 0.4020442930153322
0.4621409921671018 0.4020442930153322
0.461839530332681 0.4020442930153322
0.4621903520208605 0.4026121521862578
0.46254071661237783 0.4031800113571834
0.4622395833333333 0.4031800113571834
0.46193884189980483 0.4031800113571834
0.46228868660598177 0.403747870528109
0.4619883040935672 0.403747870528109
0.4616883116883117 0.403747870528109
0.46138870863075926 0.403747870528109
0.46173800259403375 0.4043157296990346
0.46208684381075826 0.40488358886996023
0.46178756476683935 0.40488358886996023
0.4614886731391586 0.40488358886996023
0.4611901681759379 0.40488358886996023
0.46153846153846156 0.40545144804088584
0.46124031007751937 0.40545144804088584
0.460942543576501 0.40545144804088584
0.46064516129032257 0.40545144804088584
0.46034816247582205 0.40545144804088584
0.46005154639175255 0.40545144804088584
0.4597553122987766 0.40545144804088584
0.4594594594594595 0.40545144804088584
0.4591639871382637 0.40545144804088584
0.4588688946015424 0.40545144804088584
0.4592164418754014 0.40601930721181145
0.4595635430038511 0.40658716638273706
0.45926876202694034 0.40658716638273706
0.45897435897435895 0.40658716638273706
0.458680333119795 0.40658716638273706
0.45838668373879643 0.40658716638273706
0.4580934101087652 0.40658716638273706
0.4584398976982097 0.4071550255536627
0.45878594249201277 0.4077228847245883
0.45849297573435505 0.4077228847245883
0.4582003828972559 0.4077228847245883
0.45790816326530615 0.4077228847245883
0.4576163161249203 0.4077228847245883
0.4573248407643312 0.4077228847245883
0.4570337364735837 0.4077228847245883
0.4573791348600509 0.4082907438955139
0.45772409408773046 0.4088586030664395
0.45806861499364676 0.4094264622373651
0.45841269841269844 0.40999432140829073
0.4581218274111675 0.40999432140829073
0.4578313253012048 0.40999432140829073
0.45817490494296575 0.41056218057921634
0.4578847371754275 0.41056218057921634
0.45759493670886076 0.41056218057921634
0.4573055028462998 0.41056218057921634
0.45701643489254107 0.41056218057921634
0.4567277321541377 0.41056218057921634
0.4564393939393939 0.41056218057921634
0.45615141955835964 0.41056218057921634
0.4558638083228247 0.41056218057921634
0.4562066792690611 0.41113003975014195
0.45654911838790935 0.41169789892106756
0.4562617998741347 0.41169789892106756
0.4559748427672956 0.41169789892106756
0.4556882463859208 0.41169789892106756
0.45540201005025127 0.41169789892106756
0.45511613308223475 0.41169789892106756
0.4548306148055207 0.41169789892106756
0.45454545454545453 0.41169789892106756
0.4542606516290727 0.41169789892106756
0.45397620538509703 0.41169789892106756
0.45369211514392993 0.41169789892106756
0.4534083802376485 0.41169789892106756
0.453125 0.41169789892106756
0.452841973766396 0.41169789892106756
0.4525593008739076 0.41169789892106756
0.45227698066126015 0.41169789892106756
0.45261845386533667 0.4122657580919932
0.45295950155763237 0.4128336172629188
0.4526774595267746 0.4128336172629188
0.4530180460485376 0.4134014764338444
0.4527363184079602 0.4134014764338444
0.45245494095711625 0.4134014764338444
0.45217391304347826 0.4134014764338444
0.45189323401613907 0.4134014764338444
0.45161290322580644 0.4134014764338444
0.4513329200247985 0.4134014764338444
0.4510532837670384 0.4134014764338444
0.45077399380804956 0.4134014764338444
0.4504950495049505 0.4134014764338444
0.45021645021645024 0.4134014764338444
0.4505562422744129 0.41396933560477
0.4502779493514515 0.41396933560477
0.4506172839506173 0.4145371947756956
0.4509561998766194 0.4151050539466212
0.45067817509247843 0.4151050539466212
0.4510166358595194 0.41567291311754684
0.45073891625615764 0.41567291311754684
0.45046153846153847 0.41567291311754684
0.45018450184501846 0.41567291311754684
0.4499078057775046 0.41567291311754684
0.44963144963144963 0.41567291311754684
0.44935543278084716 0.41567291311754684
0.449079754601227 0.41567291311754684
0.4488044144696505 0.41567291311754684
0.4485294117647059 0.41567291311754684
0.4482547458665034 0.41567291311754684
0.4479804161566707 0.41567291311754684
0.44770642201834865 0.41567291311754684
0.4474327628361858 0.41567291311754684
0.4471594379963348 0.41567291311754684
0.4468864468864469 0.41567291311754684
0.4466137888956681 0.41567291311754684
0.44695121951219513 0.41624077228847245
0.4472882388787325 0.41680863145939806
0.4470158343483557 0.41680863145939806
0.44735240413877053 0.41737649063032367
0.4470802919708029 0.41737649063032367
0.44680851063829785 0.41737649063032367
0.4465370595382746 0.41737649063032367
0.44626593806921677 0.41737649063032367
0.44599514563106796 0.41737649063032367
0.44633110976349305 0.4179443498012493
0.44606060606060605 0.4179443498012493
0.4463961235614779 0.4185122089721749
0.44612590799031476 0.4185122089721749
0.4458560193587417 0.4185122089721749
0.4455864570737606 0.4185122089721749
0.4453172205438066 0.4185122089721749
0.44565217391304346 0.4190800681431005
0.4459867229933615 0.4196479273140261
0.4457177322074789 0.4196479273140261
0.44544906570223025 0.4196479273140261
0.4457831325301205 0.4202157864849517
0.4461167971101746 0.42078364565587734
0.44584837545126355 0.42078364565587734
0.4455802766085388 0.42078364565587734
0.4453125 0.42078364565587734
0.4456456456456456 0.42135150482680295
0.44537815126050423 0.42135150482680295
0.4451109778044391 0.42135150482680295
0.4448441247002398 0.42135150482680295
0.4445775913720791 0.42135150482680295
0.444311377245509 0.42135150482680295
0.4440454817474566 0.42135150482680295
0.444377990430622 0.42191936399772856
0.4447101016138673 0.42248722316865417
0.4444444444444444 0.42248722316865417
0.44417910447761194 0.42248722316865417
0.4439140811455847 0.42248722316865417
0.44364937388193204 0.42248722316865417
0.4439809296781883 0.4230550823395798
0.44371649791542583 0.4230550823395798
0.44345238095238093 0.4230550823395798
0.44318857822724567 0.4230550823395798
0.44292508917954815 0.4230550823395798
0.44266191325014853 0.4230550823395798
0.44239904988123513 0.4230550823395798
0.4427299703264095 0.4236229415105054
0.4424673784104389 0.4236229415105054
0.44220509780675754 0.4236229415105054
0.4425355450236967 0.424190800681431
0.4428656009473061 0.4247586598523566
0.44260355029585796 0.4247586598523566
0.4423418095801301 0.4247586598523566
0.44208037825059104 0.4247586598523566
0.44181925575900766 0.4247586598523566
0.44155844155844154 0.4247586598523566
0.44129793510324483 0.4247586598523566
0.4410377358490566 0.4247586598523566
0.4413671184443135 0.4253265190232822
0.44110718492343937 0.4253265190232822
0.44084755738669806 0.4253265190232822
0.44058823529411767 0.4253265190232822
0.4409171075837742 0.42589437819420783
0.4406580493537015 0.42589437819420783
0.44039929536112743 0.42589437819420783
0.44014084507042256 0.42589437819420783
0.4404692082111437 0.42646223736513345
0.44021101992966 0.42646223736513345
0.43995313415348564 0.42646223736513345
0.43969555035128804 0.42646223736513345
0.43943826799297836 0.42646223736513345
0.4391812865497076 0.42646223736513345
0.43892460549386325 0.42646223736513345
0.4392523364485981 0.42703009653605906
0.4395796847635727 0.42759795570698467
0.4393232205367561 0.42759795570698467
0.439067055393586 0.42759795570698467
0.4388111888111888 0.42759795570698467
0.4385556202679091 0.42759795570698467
0.4383003492433062 0.42759795570698467
0.43804537521815007 0.42759795570698467
0.4377906976744186 0.42759795570698467
0.43811737361998837 0.4281658148779103
0.437862950058072 0.4281658148779103
0.4381892048752176 0.4287336740488359
0.43793503480278423 0.4287336740488359
0.43768115942028984 0.4287336740488359
0.43742757821552725 0.4287336740488359
0.4377533294730747 0.4293015332197615
0.4375 0.4293015332197615
0.43782533256217465 0.4298693923906871
0.4375722543352601 0.4298693923906871
0.43731946851530906 0.4298693923906871
0.437066974595843 0.4298693923906871
0.4368147720715522 0.4298693923906871
0.43656286043829295 0.4298693923906871
0.43631123919308357 0.4298693923906871
0.43605990783410137 0.4298693923906871
0.43580886586067935 0.4298693923906871
0.4361334867663982 0.4304372515616127
0.43588269120184014 0.4304372515616127
0.435632183908046 0.4304372515616127
0.43595634692705343 0.43100511073253833
0.4362801377726751 0.43157296990346394
0.43602983362019504 0.43157296990346394
0.43577981651376146 0.43157296990346394
0.4355300859598854 0.43157296990346394
0.43585337915234823 0.43214082907438955
0.4356038923869491 0.43214082907438955
0.4353546910755149 0.43214082907438955
0.43567753001715265 0.43270868824531517
0.43542857142857144 0.43270868824531517
0.4357509994288978 0.4332765474162408
0.4355022831050228 0.4332765474162408
0.4352538505419281 0.4332765474162408
0.43500570125427596 0.4332765474162408
0.43532763532763535 0.4338444065871664
0.43507972665148065 0.4338444065871664
0.4348321001707456 0.4338444065871664
0.4351535836177474 0.434412265758092
0.434906196702672 0.434412265758092
0.43522727272727274 0.4349801249290176
0.4349801249290176 0.4349801249290176
0.43473325766174803 0.4349801249290176
0.43448667044809985 0.4349801249290176
0.4342403628117914 0.4349801249290176
0.4345609065155807 0.4355479840999432
0.43431483578708946 0.4355479840999432
0.43406904357668363 0.4355479840999432
0.4338235294117647 0.4355479840999432
0.43357829282080274 0.4355479840999432
0.43333333333333335 0.4355479840999432
0.4330886504799548 0.4355479840999432
0.43340857787810383 0.43611584327086883
0.43372814438804286 0.43668370244179444
0.43404735062006766 0.43725156161272005
0.43380281690140843 0.43725156161272005
0.43355855855855857 0.43725156161272005
0.4333145751266179 0.43725156161272005
0.4330708661417323 0.43725156161272005
0.4328274311410905 0.43725156161272005
0.43258426966292135 0.43725156161272005
0.43234138124649074 0.43725156161272005
0.43209876543209874 0.43725156161272005
0.43185642176107686 0.43725156161272005
0.4316143497757848 0.43725156161272005
0.43137254901960786 0.43725156161272005
0.4311310190369541 0.43725156161272005
0.43088975937325125 0.43725156161272005
0.4306487695749441 0.43725156161272005
0.4304080491894913 0.43725156161272005
0.4301675977653631 0.43725156161272005
0.42992741485203795 0.43725156161272005
0.4302455357142857 0.43781942078364566
0.43000557724484106 0.43781942078364566
0.4297658862876254 0.43781942078364566
0.42952646239554315 0.43781942078364566
0.4292873051224944 0.43781942078364566
0.4290484140233723 0.43781942078364566
0.42880978865406005 0.43781942078364566
0.42857142857142855 0.43781942078364566
0.42833333333333334 0.43781942078364566
0.4280955024986119 0.43781942078364566
0.427857935627081 0.43781942078364566
0.4276206322795341 0.43781942078364566
0.42738359201773835 0.43781942078364566
0.42714681440443214 0.43781942078364566
0.4269102990033223 0.43781942078364566
0.4266740453790813 0.43781942078364566
0.4269911504424779 0.4383872799545713
0.4267551133222775 0.4383872799545713
0.4265193370165746 0.4383872799545713
0.4262838210933186 0.4383872799545713
0.4260485651214128 0.4383872799545713
0.4258135686707115 0.4383872799545713
0.4261300992282249 0.4389551391254969
0.42589531680440773 0.4389551391254969
0.42566079295154186 0.4389551391254969
0.42542652724270774 0.4389551391254969
0.42574257425742573 0.4395229982964225
0.42550852116547555 0.4395229982964225
0.42527472527472526 0.4395229982964225
0.42504118616144976 0.4395229982964225
0.4253567508232711 0.4400908574673481
0.4251234229292375 0.4400908574673481
0.42489035087719296 0.4400908574673481
0.4252054794520548 0.4406587166382737
0.42552026286966044 0.44122657580919933
0.4258347016967707 0.44179443498012494
0.42560175054704596 0.44179443498012494
0.42536905412793874 0.44179443498012494
0.42513661202185793 0.44179443498012494
0.4249044238121245 0.44179443498012494
0.42467248908296945 0.44179443498012494
0.4249863611565739 0.44236229415105055
0.42529989094874593 0.44293015332197616
0.4250681198910082 0.44293015332197616
0.42483660130718953 0.44293015332197616
0.42460533478497553 0.44293015332197616
0.4243743199129489 0.44293015332197616
0.42414355628058725 0.44293015332197616
0.42391304347826086 0.44293015332197616
0.4236827810972298 0.44293015332197616
0.4234527687296417 0.44293015332197616
0.42376559956592513 0.44349801249290177
0.4235357917570499 0.44349801249290177
0.4233062330623306 0.44349801249290177
0.4230769230769231 0.44349801249290177
0.42284786139685976 0.44349801249290177
0.4226190476190476 0.44349801249290177
0.42239048134126556 0.44349801249290177
0.4221621621621622 0.44349801249290177
0.4219340896812534 0.44349801249290177
0.4217062634989201 0.44349801249290177
0.4214786832164058 0.44349801249290177
0.42125134843581447 0.44349801249290177
0.4210242587601078 0.44349801249290177
0.4213362068965517 0.4440658716638274
0.4211093161012386 0.4440658716638274
0.42142088266953714 0.444633730834753
0.42173211403980637 0.4452015900056786
0.421505376344086 0.4452015900056786
0.4212788823213326 0.4452015900056786
0.42158968850698175 0.4457694491766042
0.4213633923778851 0.4457694491766042
0.421137339055794 0.4457694491766042
0.42091152815013405 0.4457694491766042
0.42068595927116825 0.4457694491766042
0.4209962506695233 0.4463373083475298
0.4207708779443255 0.4463373083475298
0.420545746388443 0.4463373083475298
0.420855614973262 0.44690516751845544
0.4206306787814003 0.44690516751845544
0.42094017094017094 0.44747302668938105
0.4212493326214629 0.44804088586030666
0.4210245464247599 0.44804088586030666
0.42133333333333334 0.44860874503123227
0.4211087420042644 0.44860874503123227
0.42141715503462973 0.4491766042021579
0.42119275825346114 0.4491766042021579
0.42096860031931876 0.4491766042021579
0.4207446808510638 0.4491766042021579
0.42105263157894735 0.4497444633730835
0.4213602550478215 0.4503123225440091
0.42113648433351036 0.4503123225440091
0.42091295116772826 0.4503123225440091
0.4206896551724138 0.4503123225440091
0.42046659597030756 0.4503123225440091
0.42024377318494965 0.4503123225440091
0.420021186440678 0.4503123225440091
0.41979883536262574 0.4503123225440091
0.4195767195767196 0.4503123225440091
0.41935483870967744 0.4503123225440091
0.4191331923890063 0.4503123225440091
0.4189117802430005 0.4503123225440091
0.4192185850052798 0.4508801817149347
0.41899736147757255 0.4508801817149347
0.41877637130801687 0.4508801817149347
0.41855561412756986 0.4508801817149347
0.4183350895679663 0.4508801817149347
0.4186413902053712 0.4514480408858603
0.41842105263157897 0.4514480408858603
0.41820094687006837 0.4514480408858603
0.41798107255520506 0.4514480408858603
0.41776142932212296 0.4514480408858603
0.4175420168067227 0.4514480408858603
0.41732283464566927 0.4514480408858603
0.4176285414480588 0.45201590005678594
0.4174095437860514 0.45201590005678594
0.4171907756813417 0.45201590005678594
0.4169722367731797 0.45201590005678594
0.4167539267015707 0.45201590005678594
0.4170591313448456 0.45258375922771155
0.4168410041841004 0.45258375922771155
0.41714584422373235 0.45315161839863716
0.4169278996865204 0.45315161839863716
0.416710182767624 0.45315161839863716
0.4164926931106472 0.45315161839863716
0.41679707876890976 0.45371947756956277
0.4165797705943691 0.45371947756956277
0.416362688900469 0.45371947756956277
0.4161458333333333 0.45371947756956277
0.415929203539823 0.45371947756956277
0.41571279916753384 0.45371947756956277
0.4154966198647946 0.45371947756956277
0.41528066528066526 0.45371947756956277
0.4150649350649351 0.45371947756956277
0.4148494288681205 0.45371947756956277
0.4146341463414634 0.45371947756956277
0.4144190871369295 0.45371947756956277
0.41472265422498705 0.4542873367404884
0.41450777202072536 0.4542873367404884
0.4142931123770067 0.4542873367404884
0.4140786749482402 0.4542873367404884
0.4143817899637869 0.454855195911414
0.4141675284384695 0.454855195911414
0.413953488372093 0.454855195911414
0.4137396694214876 0.454855195911414
0.41352607124419205 0.454855195911414
0.413312693498452 0.454855195911414
0.4130995358432182 0.454855195911414
0.4128865979381443 0.454855195911414
0.4126738794435858 0.454855195911414
0.4129763130792997 0.4554230550823396
0.41276376737004633 0.4554230550823396
0.4125514403292181 0.4554230550823396
0.4123393316195373 0.4554230550823396
0.41264131551901334 0.4559909142532652
0.41294298921417566 0.4565587734241908
0.41324435318275154 0.45712663259511643
0.41303232426885583 0.45712663259511643
0.4128205128205128 0.45712663259511643
0.41260891850333165 0.45712663259511643
0.41290983606557374 0.45769449176604204
0.4126984126984127 0.45769449176604204
0.4124872057318321 0.45769449176604204
0.41278772378516626 0.45826235093696766
0.4125766871165644 0.45826235093696766
0.41236586612161474 0.45826235093696766
0.41266598569969354 0.45883021010789327
0.41296579887697804 0.4593980692788189
0.41275510204081634 0.4593980692788189
0.4130545639979602 0.4599659284497445
0.41284403669724773 0.4599659284497445
0.41263372389200204 0.4599659284497445
0.4124236252545825 0.4599659284497445
0.4122137404580153 0.4599659284497445
0.4125127161749746 0.4605337876206701
0.4123029994916116 0.4605337876206701
0.41209349593495936 0.4605337876206701
0.41188420518029456 0.4605337876206701
0.4116751269035533 0.4605337876206701
0.4119736174530695 0.4611016467915957
0.41227180527383367 0.4616695059625213
0.41206284845413077 0.4616695059625213
0.41185410334346506 0.4616695059625213
0.41164556962025317 0.4616695059625213
0.41143724696356276 0.4616695059625213
0.41122913505311076 0.4616695059625213
0.4110212335692619 0.4616695059625213
0.4108135421930268 0.4616695059625213
0.4111111111111111 0.46223736513344693
0.4109035840484604 0.46223736513344693
0.4106962663975782 0.46223736513344693
0.410993444276349 0.46280522430437254
0.4107862903225806 0.46280522430437254
0.4105793450881612 0.46280522430437254
0.41037260825780464 0.46280522430437254
0.41066935078007044 0.46337308347529815
0.4104627766599598 0.46337308347529815
0.41025641025641024 0.46337308347529815
0.4100502512562814 0.46337308347529815
0.4098442993470618 0.46337308347529815
0.40963855421686746 0.46337308347529815
0.40943301555444056 0.46337308347529815
0.4092276830491474 0.46337308347529815
0.40902255639097745 0.46337308347529815
0.4088176352705411 0.46337308347529815
0.40861291937906863 0.46337308347529815
0.4089089089089089 0.46394094264622376
0.408704352176088 0.46394094264622376
0.409 0.4645088018171493
