1.0 0.0
1.0 0.0005678591709256105
1.0 0.001135718341851221
1.0 0.0017035775127768314
1.0 0.002271436683702442
1.0 0.0028392958546280523
1.0 0.0034071550255536627
1.0 0.003975014196479273
1.0 0.004542873367404884
1.0 0.005110732538330494
1.0 0.0056785917092561046
1.0 0.006246450880181715
1.0 0.0068143100511073255
1.0 0.0073821692220329355
1.0 0.007950028392958546
1.0 0.008517887563884156
1.0 0.009085746734809767
1.0 0.009653605905735378
1.0 0.010221465076660987
1.0 0.010789324247586598
1.0 0.011357183418512209
1.0 0.01192504258943782
1.0 0.01249290176036343
1.0 0.01306076093128904
1.0 0.013628620102214651
0.96 0.013628620102214651
0.9615384615384616 0.014196479273140262
0.9629629629629629 0.014764338444065871
0.9642857142857143 0.015332197614991482
0.9655172413793104 0.01590005678591709
0.9666666666666667 0.016467915956842702
0.9354838709677419 0.016467915956842702
0.90625 0.016467915956842702
0.9090909090909091 0.017035775127768313
0.9117647058823529 0.017603634298693924
0.9142857142857143 0.018171493469619535
0.8888888888888888 0.018171493469619535
0.8918918918918919 0.018739352640545145
0.8947368421052632 0.019307211811470756
0.8974358974358975 0.019875070982396367
0.875 0.019875070982396367
0.8780487804878049 0.020442930153321975
0.8809523809523809 0.021010789324247586
0.8837209302325582 0.021578648495173196
0.8863636363636364 0.022146507666098807
0.8888888888888888 0.022714366837024418
0.8913043478260869 0.02328222600795003
0.8723404255319149 0.02328222600795003
0.875 0.02385008517887564
0.8775510204081632 0.02441794434980125
0.88 0.02498580352072686
0.8627450980392157 0.02498580352072686
0.8653846153846154 0.02555366269165247
0.8679245283018868 0.02612152186257808
0.8703703703703703 0.02668938103350369
0.8727272727272727 0.027257240204429302
0.875 0.027825099375354913
0.8771929824561403 0.028392958546280524
0.8793103448275862 0.028960817717206135
0.8813559322033898 0.029528676888131742
0.8833333333333333 0.030096536059057353
0.8688524590163934 0.030096536059057353
0.8709677419354839 0.030664395229982964
0.873015873015873 0.031232254400908575
0.859375 0.031232254400908575
0.8615384615384616 0.03180011357183418
0.8636363636363636 0.03236797274275979
0.8507462686567164 0.03236797274275979
0.8529411764705882 0.032935831913685404
0.855072463768116 0.033503691084611015
0.8571428571428571 0.034071550255536626
0.8591549295774648 0.034639409426462237
0.8611111111111112 0.03520726859738785
0.863013698630137 0.03577512776831346
0.8648648648648649 0.03634298693923907
0.8666666666666667 0.03691084611016468
0.868421052631579 0.03747870528109029
0.8701298701298701 0.0380465644520159
0.8589743589743589 0.0380465644520159
0.8607594936708861 0.03861442362294151
0.8625 0.039182282793867124
0.8641975308641975 0.039750141964792735
0.8658536585365854 0.04031800113571834
0.8674698795180723 0.04088586030664395
0.8690476190476191 0.04145371947756956
0.8705882352941177 0.04202157864849517
0.872093023255814 0.04258943781942078
0.8735632183908046 0.04315729699034639
0.875 0.043725156161272004
0.8651685393258427 0.043725156161272004
0.8555555555555555 0.043725156161272004
0.8571428571428571 0.044293015332197615
0.8586956521739131 0.044860874503123226
0.8602150537634409 0.045428733674048836
0.8617021276595744 0.04599659284497445
0.8631578947368421 0.04656445201590006
0.8645833333333334 0.04713231118682567
0.865979381443299 0.04770017035775128
0.8673469387755102 0.04826802952867689
0.8686868686868687 0.0488358886996025
0.86 0.0488358886996025
0.8613861386138614 0.049403747870528106
0.8627450980392157 0.04997160704145372
0.8640776699029126 0.05053946621237933
0.8653846153846154 0.05110732538330494
0.8571428571428571 0.05110732538330494
0.8584905660377359 0.05167518455423055
0.8504672897196262 0.05167518455423055
0.8425925925925926 0.05167518455423055
0.8348623853211009 0.05167518455423055
0.8363636363636363 0.05224304372515616
0.8378378378378378 0.05281090289608177
0.8392857142857143 0.05337876206700738
0.8407079646017699 0.05394662123793299
0.8421052631578947 0.054514480408858604
0.8434782608695652 0.055082339579784215
0.8448275862068966 0.055650198750709826
0.8461538461538461 0.056218057921635436
0.847457627118644 0.05678591709256105
0.8487394957983193 0.05735377626348666
0.8416666666666667 0.05735377626348666
0.8429752066115702 0.05792163543441227
0.8442622950819673 0.05848949460533787
0.8455284552845529 0.059057353776263484
0.8467741935483871 0.059625212947189095
0.848 0.060193072118114706
0.8492063492063492 0.06076093128904032
0.8503937007874016 0.06132879045996593
0.84375 0.06132879045996593
0.8449612403100775 0.06189664963089154
0.8461538461538461 0.06246450880181715
0.8473282442748091 0.06303236797274275
0.8484848484848485 0.06360022714366836
0.849624060150376 0.06416808631459398
0.8507462686567164 0.06473594548551959
0.8518518518518519 0.0653038046564452
0.8529411764705882 0.06587166382737081
0.8540145985401459 0.06643952299829642
0.8478260869565217 0.06643952299829642
0.8489208633093526 0.06700738216922203
0.8428571428571429 0.06700738216922203
0.8439716312056738 0.06757524134014764
0.8450704225352113 0.06814310051107325
0.8461538461538461 0.06871095968199886
0.8472222222222222 0.06927881885292447
0.8413793103448276 0.06927881885292447
0.8424657534246576 0.06984667802385008
0.8435374149659864 0.0704145371947757
0.8445945945945946 0.0709823963657013
0.8389261744966443 0.0709823963657013
0.84 0.07155025553662692
0.8410596026490066 0.07211811470755253
0.8421052631578947 0.07268597387847814
0.8366013071895425 0.07268597387847814
0.8376623376623377 0.07325383304940375
0.8387096774193549 0.07382169222032936
0.8333333333333334 0.07382169222032936
0.8280254777070064 0.07382169222032936
0.8227848101265823 0.07382169222032936
0.8238993710691824 0.07438955139125497
0.825 0.07495741056218058
0.8198757763975155 0.07495741056218058
0.8148148148148148 0.07495741056218058
0.8098159509202454 0.07495741056218058
0.8109756097560976 0.07552526973310619
0.806060606060606 0.07552526973310619
0.8072289156626506 0.0760931289040318
0.8083832335329342 0.07666098807495741
0.8095238095238095 0.07722884724588303
0.8047337278106509 0.07722884724588303
0.8058823529411765 0.07779670641680864
0.8070175438596491 0.07836456558773425
0.8081395348837209 0.07893242475865986
0.8092485549132948 0.07950028392958547
0.8103448275862069 0.08006814310051108
0.8114285714285714 0.08063600227143668
0.8125 0.08120386144236229
0.8135593220338984 0.0817717206132879
0.8089887640449438 0.0817717206132879
0.8100558659217877 0.08233957978421351
0.8111111111111111 0.08290743895513912
0.8121546961325967 0.08347529812606473
0.8076923076923077 0.08347529812606473
0.8032786885245902 0.08347529812606473
0.8043478260869565 0.08404315729699034
0.8 0.08404315729699034
0.8010752688172043 0.08461101646791595
0.8021390374331551 0.08517887563884156
0.7978723404255319 0.08517887563884156
0.798941798941799 0.08574673480976717
0.8 0.08631459398069279
0.8010471204188482 0.0868824531516184
0.8020833333333334 0.08745031232254401
0.7979274611398963 0.08745031232254401
0.7989690721649485 0.08801817149346962
0.7948717948717948 0.08801817149346962
0.7908163265306123 0.08801817149346962
0.7918781725888325 0.08858603066439523
0.7929292929292929 0.08915388983532084
0.7939698492462312 0.08972174900624645
0.795 0.09028960817717206
0.7960199004975125 0.09085746734809767
0.7920792079207921 0.09085746734809767
0.7931034482758621 0.09142532651902328
0.7892156862745098 0.09142532651902328
0.7902439024390244 0.0919931856899489
0.7912621359223301 0.0925610448608745
0.7922705314009661 0.09312890403180012
0.7932692307692307 0.09369676320272573
0.7894736842105263 0.09369676320272573
0.7904761904761904 0.09426462237365134
0.7914691943127962 0.09483248154457695
0.7924528301886793 0.09540034071550256
0.7934272300469484 0.09596819988642817
0.794392523364486 0.09653605905735378
0.7953488372093023 0.09710391822827939
0.7962962962962963 0.097671777399205
0.7972350230414746 0.0982396365701306
0.7981651376146789 0.09880749574105621
0.7990867579908676 0.09937535491198182
0.8 0.09994321408290743
0.8009049773755657 0.10051107325383304
0.8018018018018018 0.10107893242475866
0.8026905829596412 0.10164679159568427
0.8035714285714286 0.10221465076660988
0.8 0.10221465076660988
0.8008849557522124 0.10278250993753549
0.801762114537445 0.1033503691084611
0.7982456140350878 0.1033503691084611
0.7991266375545851 0.10391822827938671
0.8 0.10448608745031232
0.8008658008658008 0.10505394662123793
0.7974137931034483 0.10505394662123793
0.7982832618025751 0.10562180579216354
0.7991452991452992 0.10618966496308915
0.8 0.10675752413401476
0.8008474576271186 0.10732538330494037
0.8016877637130801 0.10789324247586599
0.8025210084033614 0.1084611016467916
0.799163179916318 0.1084611016467916
0.8 0.10902896081771721
0.8008298755186722 0.10959681998864282
0.7975206611570248 0.10959681998864282
0.7942386831275721 0.10959681998864282
0.7950819672131147 0.11016467915956843
0.7959183673469388 0.11073253833049404
0.7967479674796748 0.11130039750141965
0.7975708502024291 0.11186825667234526
0.7983870967741935 0.11243611584327087
0.7951807228915663 0.11243611584327087
0.792 0.11243611584327087
0.7928286852589641 0.11300397501419648
0.7936507936507936 0.1135718341851221
0.7944664031620553 0.1141396933560477
0.7952755905511811 0.11470755252697332
0.796078431372549 0.11527541169789893
0.796875 0.11584327086882454
0.7976653696498055 0.11641113003975014
0.7984496124031008 0.11697898921067575
0.7953667953667953 0.11697898921067575
0.7961538461538461 0.11754684838160136
0.7931034482758621 0.11754684838160136
0.7938931297709924 0.11811470755252697
0.7908745247148289 0.11811470755252697
0.7916666666666666 0.11868256672345258
0.7924528301886793 0.11925042589437819
0.7894736842105263 0.11925042589437819
0.7902621722846442 0.1198182850653038
0.7910447761194029 0.12038614423622941
0.79182156133829 0.12095400340715502
0.7925925925925926 0.12152186257808063
0.7896678966789668 0.12152186257808063
0.7904411764705882 0.12208972174900624
0.7912087912087912 0.12265758091993186
0.7883211678832117 0.12265758091993186
0.7890909090909091 0.12322544009085747
0.7862318840579711 0.12322544009085747
0.7870036101083032 0.12379329926178308
0.7877697841726619 0.12436115843270869
0.7885304659498208 0.1249290176036343
0.7892857142857143 0.1254968767745599
0.7864768683274022 0.1254968767745599
0.7872340425531915 0.1260647359454855
0.784452296819788 0.1260647359454855
0.7816901408450704 0.1260647359454855
0.7824561403508772 0.12663259511641112
0.7797202797202797 0.12663259511641112
0.7804878048780488 0.12720045428733673
0.7777777777777778 0.12720045428733673
0.7750865051903114 0.12720045428733673
0.7724137931034483 0.12720045428733673
0.7697594501718213 0.12720045428733673
0.7705479452054794 0.12776831345826234
0.7713310580204779 0.12833617262918795
0.7687074829931972 0.12833617262918795
0.7694915254237288 0.12890403180011356
0.7702702702702703 0.12947189097103917
0.7710437710437711 0.13003975014196478
0.7718120805369127 0.1306076093128904
0.7725752508361204 0.131175468483816
0.7733333333333333 0.13174332765474162
0.770764119601329 0.13174332765474162
0.7682119205298014 0.13174332765474162
0.768976897689769 0.13231118682566723
0.7697368421052632 0.13287904599659284
0.7704918032786885 0.13344690516751845
0.7712418300653595 0.13401476433844406
0.7719869706840391 0.13458262350936967
0.7694805194805194 0.13458262350936967
0.7702265372168284 0.13515048268029528
0.7709677419354839 0.1357183418512209
0.7684887459807074 0.1357183418512209
0.7692307692307693 0.1362862010221465
0.7699680511182109 0.1368540601930721
0.767515923566879 0.1368540601930721
0.7682539682539683 0.13742191936399772
0.7689873417721519 0.13798977853492334
0.7697160883280757 0.13855763770584895
0.7704402515723271 0.13912549687677456
0.7711598746081505 0.13969335604770017
0.76875 0.13969335604770017
0.7663551401869159 0.13969335604770017
0.7639751552795031 0.13969335604770017
0.7647058823529411 0.14026121521862578
0.7623456790123457 0.14026121521862578
0.7630769230769231 0.1408290743895514
0.7638036809815951 0.141396933560477
0.764525993883792 0.1419647927314026
0.7621951219512195 0.1419647927314026
0.7598784194528876 0.1419647927314026
0.7606060606060606 0.14253265190232822
0.7613293051359517 0.14310051107325383
0.7590361445783133 0.14310051107325383
0.7597597597597597 0.14366837024417944
0.7574850299401198 0.14366837024417944
0.755223880597015 0.14366837024417944
0.7559523809523809 0.14423622941510506
0.7537091988130564 0.14423622941510506
0.7544378698224852 0.14480408858603067
0.7551622418879056 0.14537194775695628
0.7558823529411764 0.1459398069278819
0.7565982404692082 0.1465076660988075
0.7573099415204678 0.1470755252697331
0.7551020408163265 0.1470755252697331
0.7558139534883721 0.14764338444065872
0.7565217391304347 0.14821124361158433
0.7543352601156069 0.14821124361158433
0.7550432276657061 0.14877910278250994
0.7528735632183908 0.14877910278250994
0.7535816618911175 0.14934696195343555
0.7514285714285714 0.14934696195343555
0.7492877492877493 0.14934696195343555
0.75 0.14991482112436116
0.7507082152974505 0.15048268029528677
0.751412429378531 0.15105053946621239
0.752112676056338 0.151618398637138
0.75 0.151618398637138
0.7478991596638656 0.151618398637138
0.7486033519553073 0.1521862578080636
0.7493036211699164 0.15275411697898922
0.75 0.15332197614991483
0.7506925207756233 0.15388983532084044
0.7513812154696132 0.15445769449176605
0.7493112947658402 0.15445769449176605
0.7472527472527473 0.15445769449176605
0.7452054794520548 0.15445769449176605
0.7431693989071039 0.15445769449176605
0.7438692098092643 0.15502555366269166
0.7445652173913043 0.15559341283361727
0.7452574525745257 0.15616127200454288
0.7432432432432432 0.15616127200454288
0.7439353099730458 0.1567291311754685
0.7446236559139785 0.1572969903463941
0.7426273458445041 0.1572969903463941
0.7406417112299465 0.1572969903463941
0.7386666666666667 0.1572969903463941
0.7393617021276596 0.15786484951731972
0.7400530503978779 0.15843270868824533
0.7380952380952381 0.15843270868824533
0.7361477572559367 0.15843270868824533
0.7342105263157894 0.15843270868824533
0.7349081364829396 0.15900056785917094
0.7356020942408377 0.15956842703009655
0.7362924281984334 0.16013628620102216
0.7369791666666666 0.16070414537194777
0.7376623376623377 0.16127200454287335
0.7383419689119171 0.16183986371379896
0.7390180878552972 0.16240772288472458
0.7396907216494846 0.1629755820556502
0.7377892030848329 0.1629755820556502
0.7384615384615385 0.1635434412265758
0.7391304347826086 0.1641113003975014
0.7397959183673469 0.16467915956842702
0.7379134860050891 0.16467915956842702
0.7360406091370558 0.16467915956842702
0.7367088607594937 0.16524701873935263
0.7348484848484849 0.16524701873935263
0.7355163727959698 0.16581487791027824
0.7336683417085427 0.16581487791027824
0.7343358395989975 0.16638273708120385
0.735 0.16695059625212946
0.7331670822942643 0.16695059625212946
0.7338308457711443 0.16751845542305507
0.7344913151364765 0.16808631459398068
0.7351485148514851 0.1686541737649063
0.7358024691358025 0.1692220329358319
0.7364532019704434 0.16978989210675752
0.7371007371007371 0.17035775127768313
0.7352941176470589 0.17035775127768313
0.7359413202933985 0.17092561044860874
0.7341463414634146 0.17092561044860874
0.732360097323601 0.17092561044860874
0.7305825242718447 0.17092561044860874
0.7312348668280871 0.17149346961953435
0.7294685990338164 0.17149346961953435
0.727710843373494 0.17149346961953435
0.7283653846153846 0.17206132879045996
0.7290167865707434 0.17262918796138557
0.7272727272727273 0.17262918796138557
0.7279236276849642 0.17319704713231118
0.7261904761904762 0.17319704713231118
0.7244655581947743 0.17319704713231118
0.7227488151658767 0.17319704713231118
0.723404255319149 0.1737649063032368
0.7240566037735849 0.1743327654741624
0.7247058823529412 0.17490062464508802
0.7253521126760564 0.17546848381601363
0.7259953161592506 0.17603634298693924
0.7242990654205608 0.17603634298693924
0.7249417249417249 0.17660420215786485
0.7232558139534884 0.17660420215786485
0.7238979118329466 0.17717206132879046
0.7222222222222222 0.17717206132879046
0.7228637413394919 0.17773992049971607
0.7235023041474654 0.17830777967064168
0.7241379310344828 0.1788756388415673
0.7247706422018348 0.1794434980124929
0.7254004576659039 0.1800113571834185
0.723744292237443 0.1800113571834185
0.724373576309795 0.18057921635434412
0.7227272727272728 0.18057921635434412
0.7210884353741497 0.18057921635434412
0.7194570135746606 0.18057921635434412
0.7200902934537246 0.18114707552526974
0.7184684684684685 0.18114707552526974
0.7191011235955056 0.18171493469619535
0.7174887892376681 0.18171493469619535
0.7181208053691275 0.18228279386712096
0.7165178571428571 0.18228279386712096
0.7149220489977728 0.18228279386712096
0.7155555555555555 0.18285065303804657
0.7161862527716186 0.18341851220897218
0.7168141592920354 0.1839863713798978
0.7152317880794702 0.1839863713798978
0.7158590308370044 0.1845542305508234
0.7164835164835165 0.185122089721749
0.7149122807017544 0.185122089721749
0.7133479212253829 0.185122089721749
0.7117903930131004 0.185122089721749
0.710239651416122 0.185122089721749
0.7086956521739131 0.185122089721749
0.7093275488069414 0.18568994889267462
0.7077922077922078 0.18568994889267462
0.7084233261339092 0.18625780806360023
0.709051724137931 0.18682566723452584
0.7096774193548387 0.18739352640545145
0.7081545064377682 0.18739352640545145
0.7066381156316917 0.18739352640545145
0.7072649572649573 0.18796138557637707
0.7057569296375267 0.18796138557637707
0.7042553191489361 0.18796138557637707
0.70276008492569 0.18796138557637707
0.701271186440678 0.18796138557637707
0.7019027484143763 0.18852924474730268
0.70042194092827 0.18852924474730268
0.7010526315789474 0.1890971039182283
0.6995798319327731 0.1890971039182283
0.6981132075471698 0.1890971039182283
0.698744769874477 0.1896649630891539
0.6993736951983298 0.1902328222600795
0.6979166666666666 0.1902328222600795
0.6985446985446986 0.19080068143100512
0.6991701244813278 0.19136854060193073
0.6997929606625258 0.19193639977285634
0.6983471074380165 0.19193639977285634
0.6989690721649484 0.19250425894378195
0.6995884773662552 0.19307211811470756
0.6981519507186859 0.19307211811470756
0.6967213114754098 0.19307211811470756
0.6952965235173824 0.19307211811470756
0.6938775510204082 0.19307211811470756
0.6945010183299389 0.19363997728563317
0.693089430894309 0.19363997728563317
0.691683569979716 0.19363997728563317
0.6902834008097166 0.19363997728563317
0.6888888888888889 0.19363997728563317
0.6875 0.19363997728563317
0.6881287726358148 0.19420783645655879
0.6887550200803213 0.1947756956274844
0.6893787575150301 0.19534355479841
0.69 0.19591141396933562
0.688622754491018 0.19591141396933562
0.6892430278884463 0.1964792731402612
0.6898608349900597 0.1970471323111868
0.6884920634920635 0.1970471323111868
0.6871287128712872 0.1970471323111868
0.6857707509881423 0.1970471323111868
0.6863905325443787 0.19761499148211242
0.6850393700787402 0.19761499148211242
0.6836935166994106 0.19761499148211242
0.6823529411764706 0.19761499148211242
0.6829745596868885 0.19818285065303803
0.681640625 0.19818285065303803
0.682261208576998 0.19875070982396364
0.6828793774319066 0.19931856899488926
0.683495145631068 0.19988642816581487
0.6821705426356589 0.19988642816581487
0.6827852998065764 0.20045428733674048
0.6814671814671814 0.20045428733674048
0.6801541425818882 0.20045428733674048
0.6788461538461539 0.20045428733674048
0.6775431861804223 0.20045428733674048
0.6762452107279694 0.20045428733674048
0.6768642447418738 0.2010221465076661
0.6755725190839694 0.2010221465076661
0.6742857142857143 0.2010221465076661
0.6749049429657795 0.2015900056785917
0.6755218216318786 0.2021578648495173
0.6742424242424242 0.2021578648495173
0.6748582230623819 0.20272572402044292
0.6754716981132075 0.20329358319136853
0.6741996233521658 0.20329358319136853
0.6729323308270677 0.20329358319136853
0.6735459662288931 0.20386144236229414
0.6722846441947565 0.20386144236229414
0.6728971962616822 0.20442930153321975
0.6735074626865671 0.20499716070414536
0.6741154562383612 0.20556501987507098
0.6728624535315985 0.20556501987507098
0.673469387755102 0.2061328790459966
0.674074074074074 0.2067007382169222
0.6728280961182994 0.2067007382169222
0.6715867158671587 0.2067007382169222
0.6703499079189686 0.2067007382169222
0.6691176470588235 0.2067007382169222
0.6678899082568808 0.2067007382169222
0.6666666666666666 0.2067007382169222
0.6672760511882998 0.2072685973878478
0.666058394160584 0.2072685973878478
0.6666666666666666 0.20783645655877342
0.6654545454545454 0.20783645655877342
0.6642468239564429 0.20783645655877342
0.6648550724637681 0.20840431572969903
0.6636528028933092 0.20840431572969903
0.6642599277978339 0.20897217490062464
0.6648648648648648 0.20954003407155025
0.6654676258992805 0.21010789324247586
0.6642728904847397 0.21010789324247586
0.6648745519713262 0.21067575241340147
0.6636851520572451 0.21067575241340147
0.6625 0.21067575241340147
0.661319073083779 0.21067575241340147
0.6601423487544484 0.21067575241340147
0.6589698046181173 0.21067575241340147
0.6595744680851063 0.21124361158432708
0.6601769911504425 0.2118114707552527
0.6607773851590106 0.2123793299261783
0.6596119929453262 0.2123793299261783
0.6602112676056338 0.21294718909710392
0.6608084358523726 0.21351504826802953
0.6614035087719298 0.21408290743895514
0.6619964973730298 0.21465076660988075
0.6608391608391608 0.21465076660988075
0.6614310645724258 0.21521862578080636
0.662020905923345 0.21578648495173197
0.662608695652174 0.21635434412265758
0.6614583333333334 0.21635434412265758
0.6620450606585788 0.2169222032935832
0.6626297577854672 0.2174900624645088
0.6614853195164075 0.2174900624645088
0.6603448275862069 0.2174900624645088
0.6592082616179001 0.2174900624645088
0.6597938144329897 0.21805792163543442
0.660377358490566 0.21862578080636003
0.6592465753424658 0.21862578080636003
0.6581196581196581 0.21862578080636003
0.6569965870307167 0.21862578080636003
0.6575809199318569 0.21919363997728564
0.6581632653061225 0.21976149914821125
0.6587436332767402 0.22032935831913686
0.6593220338983051 0.22089721749006247
0.6582064297800339 0.22089721749006247
0.6570945945945946 0.22089721749006247
0.657672849915683 0.22146507666098808
0.6582491582491582 0.2220329358319137
0.6588235294117647 0.2226007950028393
0.6577181208053692 0.2226007950028393
0.6582914572864321 0.2231686541737649
0.657190635451505 0.2231686541737649
0.657762938230384 0.22373651334469052
0.6583333333333333 0.22430437251561613
0.6572379367720466 0.22430437251561613
0.6578073089700996 0.22487223168654175
0.6567164179104478 0.22487223168654175
0.6556291390728477 0.22487223168654175
0.6545454545454545 0.22487223168654175
0.6551155115511551 0.22544009085746736
0.6556836902800659 0.22600795002839297
0.6546052631578947 0.22600795002839297
0.6551724137931034 0.22657580919931858
0.6557377049180327 0.2271436683702442
0.6563011456628478 0.2277115275411698
0.6552287581699346 0.2277115275411698
0.6541598694942904 0.2277115275411698
0.6547231270358306 0.2282793867120954
0.6536585365853659 0.2282793867120954
0.6542207792207793 0.22884724588302102
0.653160453808752 0.22884724588302102
0.6537216828478964 0.22941510505394663
0.6526655896607432 0.22941510505394663
0.6532258064516129 0.22998296422487224
0.6521739130434783 0.22998296422487224
0.6511254019292605 0.22998296422487224
0.6500802568218299 0.22998296422487224
0.6506410256410257 0.23055082339579785
0.6512 0.23111868256672347
0.6517571884984026 0.23168654173764908
0.6507177033492823 0.23168654173764908
0.6512738853503185 0.23225440090857466
0.6518282988871225 0.23282226007950027
0.6523809523809524 0.23339011925042588
0.652931854199683 0.2339579784213515
0.6534810126582279 0.2345258375922771
0.6524486571879937 0.2345258375922771
0.6514195583596214 0.2345258375922771
0.6519685039370079 0.23509369676320271
0.6525157232704403 0.23566155593412833
0.6514913657770801 0.23566155593412833
0.6504702194357367 0.23566155593412833
0.651017214397496 0.23622941510505394
0.6515625 0.23679727427597955
0.6521060842433697 0.23736513344690516
0.6510903426791277 0.23736513344690516
0.6516329704510109 0.23793299261783077
0.6506211180124224 0.23793299261783077
0.6496124031007752 0.23793299261783077
0.6486068111455109 0.23793299261783077
0.6476043276661515 0.23793299261783077
0.6481481481481481 0.23850085178875638
0.6471494607087828 0.23850085178875638
0.6461538461538462 0.23850085178875638
0.6451612903225806 0.23850085178875638
0.6441717791411042 0.23850085178875638
0.6447166921898928 0.239068710959682
0.6452599388379205 0.2396365701306076
0.6442748091603053 0.2396365701306076
0.6432926829268293 0.2396365701306076
0.6423135464231354 0.2396365701306076
0.6413373860182371 0.2396365701306076
0.6418816388467374 0.2402044293015332
0.6409090909090909 0.2402044293015332
0.6414523449319214 0.24077228847245882
0.6404833836858006 0.24077228847245882
0.6395173453996983 0.24077228847245882
0.6400602409638554 0.24134014764338443
0.6406015037593985 0.24190800681431004
0.6396396396396397 0.24190800681431004
0.638680659670165 0.24190800681431004
0.6392215568862275 0.24247586598523566
0.6397608370702541 0.24304372515616127
0.6402985074626866 0.24361158432708688
0.639344262295082 0.24361158432708688
0.6398809523809523 0.2441794434980125
0.6404160475482912 0.2447473026689381
0.6409495548961425 0.2453151618398637
0.6414814814814814 0.24588302101078932
0.6405325443786982 0.24588302101078932
0.6395864106351551 0.24588302101078932
0.6386430678466076 0.24588302101078932
0.6377025036818851 0.24588302101078932
0.6367647058823529 0.24588302101078932
0.6358296622613803 0.24588302101078932
0.6348973607038123 0.24588302101078932
0.6339677891654466 0.24588302101078932
0.6330409356725146 0.24588302101078932
0.6321167883211679 0.24588302101078932
0.6311953352769679 0.24588302101078932
0.6302765647743813 0.24588302101078932
0.6293604651162791 0.24588302101078932
0.6298984034833092 0.24645088018171493
0.6304347826086957 0.24701873935264054
0.6309696092619392 0.24758659852356615
0.630057803468208 0.24758659852356615
0.6291486291486291 0.24758659852356615
0.6296829971181557 0.24815445769449176
0.6302158273381295 0.24872231686541738
0.6307471264367817 0.249290176036343
0.629842180774749 0.249290176036343
0.6289398280802292 0.249290176036343
0.6280400572246065 0.249290176036343
0.6285714285714286 0.2498580352072686
0.6291012838801712 0.2504258943781942
0.6282051282051282 0.2504258943781942
0.6273115220483642 0.2504258943781942
0.6278409090909091 0.2509937535491198
0.6283687943262412 0.2515616127200454
0.6288951841359773 0.252129471890971
0.628005657708628 0.252129471890971
0.6285310734463276 0.2526973310618966
0.6276445698166432 0.2526973310618966
0.6267605633802817 0.2526973310618966
0.6258790436005626 0.2526973310618966
0.625 0.2526973310618966
0.6241234221598878 0.2526973310618966
0.623249299719888 0.2526973310618966
0.6223776223776224 0.2526973310618966
0.6229050279329609 0.25326519023282223
0.6234309623430963 0.25383304940374785
0.6239554317548747 0.25440090857467346
0.6244784422809457 0.25496876774559907
0.6236111111111111 0.25496876774559907
0.6227461858529819 0.25496876774559907
0.6232686980609419 0.2555366269165247
0.6224066390041494 0.2555366269165247
0.6215469613259669 0.2555366269165247
0.6206896551724138 0.2555366269165247
0.6212121212121212 0.2561044860874503
0.6217331499312242 0.2566723452583759
0.6208791208791209 0.2566723452583759
0.6213991769547325 0.2572402044293015
0.6219178082191781 0.2578080636002271
0.6210670314637483 0.2578080636002271
0.6215846994535519 0.25837592277115273
0.6221009549795361 0.25894378194207834
0.6212534059945504 0.25894378194207834
0.6217687074829932 0.25951164111300395
0.6209239130434783 0.25951164111300395
0.621438263229308 0.26007950028392957
0.6205962059620597 0.26007950028392957
0.6211096075778079 0.2606473594548552
0.6216216216216216 0.2612152186257808
0.6221322537112011 0.2617830777967064
0.6212938005390836 0.2617830777967064
0.6218034993270525 0.262350936967632
0.6209677419354839 0.262350936967632
0.6201342281879194 0.262350936967632
0.6193029490616622 0.262350936967632
0.6184738955823293 0.262350936967632
0.6176470588235294 0.262350936967632
0.6181575433911882 0.2629187961385576
0.6186666666666667 0.26348665530948323
0.6191744340878829 0.26405451448040884
0.6196808510638298 0.26462237365133445
0.6188579017264276 0.26462237365133445
0.6193633952254642 0.26519023282226006
0.6185430463576159 0.26519023282226006
0.6177248677248677 0.26519023282226006
0.618229854689564 0.2657580919931857
0.6174142480211082 0.2657580919931857
0.6179183135704874 0.2663259511641113
0.6171052631578947 0.2663259511641113
0.6162943495400789 0.2663259511641113
0.615485564304462 0.2663259511641113
0.6146788990825688 0.2663259511641113
0.6138743455497382 0.2663259511641113
0.6143790849673203 0.2668938103350369
0.6135770234986945 0.2668938103350369
0.6127770534550195 0.2668938103350369
0.6119791666666666 0.2668938103350369
0.6124837451235371 0.2674616695059625
0.612987012987013 0.2680295286768881
0.6121919584954605 0.2680295286768881
0.6126943005181347 0.26859738784781373
0.6119016817593791 0.26859738784781373
0.6124031007751938 0.26916524701873934
0.6129032258064516 0.26973310618966495
0.6134020618556701 0.27030096536059056
0.6138996138996139 0.2708688245315162
0.6131105398457584 0.2708688245315162
0.6123234916559692 0.2708688245315162
0.6115384615384616 0.2708688245315162
0.6107554417413572 0.2708688245315162
0.6099744245524297 0.2708688245315162
0.6091954022988506 0.2708688245315162
0.6096938775510204 0.2714366837024418
0.6089171974522293 0.2714366837024418
0.6081424936386769 0.2714366837024418
0.6073697585768743 0.2714366837024418
0.6065989847715736 0.2714366837024418
0.605830164765526 0.2714366837024418
0.6063291139240506 0.2720045428733674
0.606826801517067 0.272572402044293
0.6073232323232324 0.2731402612152186
0.6065573770491803 0.2731402612152186
0.6057934508816121 0.2731402612152186
0.6050314465408805 0.2731402612152186
0.6042713567839196 0.2731402612152186
0.6035131744040151 0.2731402612152186
0.6040100250626567 0.2737081203861442
0.6032540675844806 0.2737081203861442
0.60375 0.27427597955706984
0.602996254681648 0.27427597955706984
0.6022443890274314 0.27427597955706984
0.6014943960149439 0.27427597955706984
0.6007462686567164 0.27427597955706984
0.6 0.27427597955706984
0.5992555831265509 0.27427597955706984
0.5985130111524164 0.27427597955706984
0.5977722772277227 0.27427597955706984
0.5982694684796045 0.27484383872799545
0.5987654320987654 0.27541169789892106
0.5992601726263872 0.27597955706984667
0.5985221674876847 0.27597955706984667
0.5977859778597786 0.27597955706984667
0.597051597051597 0.27597955706984667
0.596319018404908 0.27597955706984667
0.5955882352941176 0.27597955706984667
0.5960832313341493 0.2765474162407723
0.5965770171149144 0.2771152754116979
0.5958485958485958 0.2771152754116979
0.5951219512195122 0.2771152754116979
0.5956151035322778 0.2776831345826235
0.5948905109489051 0.2776831345826235
0.5953827460510328 0.2782509937535491
0.595873786407767 0.2788188529244747
0.5951515151515151 0.2788188529244747
0.5956416464891041 0.27938671209540034
0.596130592503023 0.27995457126632595
0.5966183574879227 0.28052243043725156
0.5971049457177322 0.28109028960817717
0.5963855421686747 0.28109028960817717
0.5968712394705175 0.2816581487791028
0.5973557692307693 0.2822260079500284
0.5978391356542617 0.282793867120954
0.5971223021582733 0.282793867120954
0.5976047904191617 0.2833617262918796
0.5980861244019139 0.2839295854628052
0.5985663082437276 0.28449744463373083
0.5990453460620525 0.28506530380465644
0.5983313468414779 0.28506530380465644
0.5976190476190476 0.28506530380465644
0.5969084423305588 0.28506530380465644
0.5961995249406176 0.28506530380465644
0.5966785290628707 0.28563316297558206
0.5971563981042654 0.28620102214650767
0.5964497041420118 0.28620102214650767
0.5969267139479906 0.2867688813174333
0.5962219598583235 0.2867688813174333
0.5955188679245284 0.2867688813174333
0.5959952885747939 0.2873367404883589
0.5952941176470589 0.2873367404883589
0.5945945945945946 0.2873367404883589
0.5950704225352113 0.2879045996592845
0.5943728018757327 0.2879045996592845
0.5936768149882904 0.2879045996592845
0.5929824561403508 0.2879045996592845
0.5922897196261683 0.2879045996592845
0.5915985997666278 0.2879045996592845
0.5909090909090909 0.2879045996592845
0.590221187427241 0.2879045996592845
0.5906976744186047 0.2884724588302101
0.5911730545876888 0.2890403180011357
0.5904872389791184 0.2890403180011357
0.5909617612977984 0.28960817717206133
0.5902777777777778 0.28960817717206133
0.5895953757225434 0.28960817717206133
0.5889145496535797 0.28960817717206133
0.5882352941176471 0.28960817717206133
0.5887096774193549 0.29017603634298694
0.5891829689298044 0.29074389551391255
0.5885057471264368 0.29074389551391255
0.5878300803673938 0.29074389551391255
0.5871559633027523 0.29074389551391255
0.5876288659793815 0.29131175468483816
0.5869565217391305 0.29131175468483816
0.5862857142857143 0.29131175468483816
0.58675799086758 0.2918796138557638
0.5860889395667047 0.2918796138557638
0.5865603644646925 0.2924474730266894
0.5870307167235495 0.293015332197615
0.5875 0.2935831913685406
0.58683314415437 0.2935831913685406
0.5861678004535147 0.2935831913685406
0.5855039637599094 0.2935831913685406
0.584841628959276 0.2935831913685406
0.5853107344632769 0.2941510505394662
0.5857787810383747 0.29471890971039183
0.5851183765501691 0.29471890971039183
0.5844594594594594 0.29471890971039183
0.5849268841394826 0.29528676888131744
0.5853932584269663 0.29585462805224305
0.5858585858585859 0.29642248722316866
0.5863228699551569 0.2969903463940943
0.5867861142217246 0.2975582055650199
0.587248322147651 0.2981260647359455
0.5865921787709497 0.2981260647359455
0.5870535714285714 0.2986939239068711
0.5863991081382386 0.2986939239068711
0.5857461024498887 0.2986939239068711
0.5850945494994438 0.2986939239068711
0.5855555555555556 0.2992617830777967
0.586015538290788 0.29982964224872233
0.5853658536585366 0.29982964224872233
0.584717607973422 0.29982964224872233
0.584070796460177 0.29982964224872233
0.5834254143646409 0.29982964224872233
0.5827814569536424 0.29982964224872233
0.5832414553472988 0.30039750141964794
0.5825991189427313 0.30039750141964794
0.581958195819582 0.30039750141964794
0.5813186813186814 0.30039750141964794
0.5806805708013172 0.30039750141964794
0.581140350877193 0.30096536059057355
0.5815991237677984 0.30153321976149916
0.5820568927789934 0.30210107893242477
0.5825136612021858 0.3026689381033504
0.5818777292576419 0.3026689381033504
0.5823336968375137 0.303236797274276
0.5827886710239651 0.3038046564452016
0.5821545157780196 0.3038046564452016
0.5826086956521739 0.3043725156161272
0.5830618892508144 0.3049403747870528
0.5835140997830802 0.30550823395797844
0.5828819068255688 0.30550823395797844
0.5822510822510822 0.30550823395797844
0.5827027027027027 0.30607609312890405
0.58207343412527 0.30607609312890405
0.5814455231930961 0.30607609312890405
0.5808189655172413 0.30607609312890405
0.5801937567276642 0.30607609312890405
0.5806451612903226 0.30664395229982966
0.5800214822771214 0.30664395229982966
0.5793991416309013 0.30664395229982966
0.5787781350482315 0.30664395229982966
0.5781584582441114 0.30664395229982966
0.5786096256684492 0.30721181147075527
0.5779914529914529 0.30721181147075527
0.5773745997865528 0.30721181147075527
0.5767590618336887 0.30721181147075527
0.577209797657082 0.3077796706416809
0.5765957446808511 0.3077796706416809
0.5770456960680127 0.3083475298126065
0.5774946921443737 0.3089153889835321
0.5768822905620361 0.3089153889835321
0.5773305084745762 0.3094832481544577
0.5767195767195767 0.3094832481544577
0.5761099365750528 0.3094832481544577
0.5765575501583949 0.3100511073253833
0.5759493670886076 0.3100511073253833
0.5763962065331928 0.31061896649630893
0.5757894736842105 0.31061896649630893
0.5751840168243953 0.31061896649630893
0.5745798319327731 0.31061896649630893
0.5739769150052466 0.31061896649630893
0.5733752620545073 0.31061896649630893
0.5727748691099477 0.31061896649630893
0.5721757322175732 0.31061896649630893
0.5726227795193313 0.31118682566723455
0.5720250521920668 0.31118682566723455
0.5714285714285714 0.31118682566723455
0.571875 0.31175468483816016
0.5712799167533819 0.31175468483816016
0.5717255717255717 0.31232254400908577
0.5711318795430945 0.31232254400908577
0.5715767634854771 0.3128904031800114
0.572020725388601 0.313458262350937
0.572463768115942 0.3140261215218626
0.5729058945191313 0.3145939806927882
0.5723140495867769 0.3145939806927882
0.5717234262125903 0.3145939806927882
0.5721649484536082 0.3151618398637138
0.5715756951596292 0.3151618398637138
0.5709876543209876 0.3151618398637138
0.5704008221993834 0.3151618398637138
0.5698151950718686 0.3151618398637138
0.5702564102564103 0.31572969903463943
0.569672131147541 0.31572969903463943
0.5701125895598772 0.31629755820556504
0.5695296523517382 0.31629755820556504
0.5689479060265578 0.31629755820556504
0.5693877551020409 0.31686541737649065
0.5688073394495413 0.31686541737649065
0.5682281059063137 0.31686541737649065
0.5686673448626653 0.31743327654741627
0.568089430894309 0.31743327654741627
0.5675126903553299 0.31743327654741627
0.5679513184584178 0.3180011357183419
0.5673758865248227 0.3180011357183419
0.5668016194331984 0.3180011357183419
0.5662285136501517 0.3180011357183419
0.5666666666666667 0.3185689948892675
0.5660948536831484 0.3185689948892675
0.5665322580645161 0.3191368540601931
0.5659617321248741 0.3191368540601931
0.5653923541247485 0.3191368540601931
0.5648241206030151 0.3191368540601931
0.5652610441767069 0.3197047132311187
0.5656970912738215 0.3202725724020443
0.5661322645290581 0.32084043157296993
0.5655655655655656 0.32084043157296993
0.565 0.32084043157296993
0.5654345654345654 0.32140829074389554
0.564870259481038 0.32140829074389554
0.5653040877367896 0.3219761499148211
0.5657370517928287 0.3225440090857467
0.5661691542288557 0.3231118682566723
0.5666003976143141 0.32367972742759793
0.5660377358490566 0.32367972742759793
0.5654761904761905 0.32367972742759793
0.5649157581764123 0.32367972742759793
0.5643564356435643 0.32367972742759793
0.5647873392680515 0.32424758659852354
0.5652173913043478 0.32481544576944915
0.5656465942744324 0.32538330494037476
0.5660749506903353 0.3259511641113004
0.5655172413793104 0.3259511641113004
0.5649606299212598 0.3259511641113004
0.5653883972468043 0.326519023282226
0.5648330058939096 0.326519023282226
0.5652600588812562 0.3270868824531516
0.5647058823529412 0.3270868824531516
0.564152791380999 0.3270868824531516
0.5636007827788649 0.3270868824531516
0.5640273704789834 0.3276547416240772
0.5634765625 0.3276547416240772
0.5639024390243902 0.3282226007950028
0.5633528265107213 0.3282226007950028
0.563777994157741 0.3287904599659284
0.5632295719844358 0.3287904599659284
0.5626822157434402 0.3287904599659284
0.5631067961165048 0.32935831913685404
0.562560620756547 0.32935831913685404
0.562015503875969 0.32935831913685404
0.5614714424007744 0.32935831913685404
0.5618955512572534 0.32992617830777965
0.5623188405797102 0.33049403747870526
0.5617760617760618 0.33049403747870526
0.5612343297974928 0.33049403747870526
0.5616570327552987 0.33106189664963087
0.5620789220404235 0.3316297558205565
0.5615384615384615 0.3316297558205565
0.5619596541786743 0.3321976149914821
0.5623800383877159 0.3327654741624077
0.5627996164908916 0.3333333333333333
0.5632183908045977 0.3339011925042589
0.5626794258373206 0.3339011925042589
0.5621414913957935 0.3339011925042589
0.562559694364852 0.33446905167518454
0.5620229007633588 0.33446905167518454
0.5624404194470924 0.33503691084611015
0.5619047619047619 0.33503691084611015
0.5623215984776403 0.33560477001703576
0.5627376425855514 0.33617262918796137
0.5622032288698955 0.33617262918796137
0.562618595825427 0.336740488358887
0.5620853080568721 0.336740488358887
0.5625 0.3373083475298126
0.5619678334910123 0.3373083475298126
0.5614366729678639 0.3373083475298126
0.5609065155807366 0.3373083475298126
0.5613207547169812 0.3378762067007382
0.5617342130065975 0.3384440658716638
0.5612052730696798 0.3384440658716638
0.5606773283160865 0.3384440658716638
0.5610902255639098 0.3390119250425894
0.5615023474178403 0.33957978421351503
0.5609756097560976 0.33957978421351503
0.5613870665417057 0.34014764338444065
0.5608614232209738 0.34014764338444065
0.5603367633302152 0.34014764338444065
0.5607476635514018 0.34071550255536626
0.5602240896358543 0.34071550255536626
0.5597014925373134 0.34071550255536626
0.5591798695246971 0.34071550255536626
0.5595903165735568 0.34128336172629187
0.5590697674418604 0.34128336172629187
0.5585501858736059 0.34128336172629187
0.5580315691736305 0.34128336172629187
0.5575139146567718 0.34128336172629187
0.556997219647822 0.34128336172629187
0.5574074074074075 0.3418512208972175
0.5568917668825162 0.3418512208972175
0.5573012939001848 0.3424190800681431
0.556786703601108 0.3424190800681431
0.5571955719557196 0.3429869392390687
0.5576036866359447 0.3435547984099943
0.5570902394106814 0.3435547984099943
0.5565777368905244 0.3435547984099943
0.5569852941176471 0.3441226575809199
0.5564738292011019 0.3441226575809199
0.5568807339449541 0.34469051675184553
0.5572868927589367 0.34525837592277114
0.5567765567765568 0.34525837592277114
0.5562671546203111 0.34525837592277114
0.556672760511883 0.34582623509369675
0.5561643835616439 0.34582623509369675
0.5556569343065694 0.34582623509369675
0.5560619872379216 0.34639409426462237
0.5564663023679417 0.346961953435548
0.5559599636032757 0.346961953435548
0.5554545454545454 0.346961953435548
0.5549500454132607 0.346961953435548
0.5553539019963702 0.3475298126064736
0.5548504079782411 0.3475298126064736
0.5543478260869565 0.3475298126064736
0.5538461538461539 0.3475298126064736
0.5533453887884268 0.3475298126064736
0.5528455284552846 0.3475298126064736
0.5532490974729242 0.3480976717773992
0.5527502254283138 0.3480976717773992
0.5531531531531532 0.3486655309483248
0.5535553555355536 0.3492333901192504
0.5539568345323741 0.34980124929017603
0.5534591194968553 0.34980124929017603
0.5538599640933572 0.35036910846110164
0.5542600896860986 0.35093696763202725
0.5546594982078853 0.35150482680295286
0.5541629364368845 0.35150482680295286
0.5536672629695886 0.35150482680295286
0.5531724754244861 0.35150482680295286
0.5526785714285715 0.35150482680295286
0.552185548617306 0.35150482680295286
0.551693404634581 0.35150482680295286
0.5512021371326803 0.35150482680295286
0.5516014234875445 0.3520726859738785
0.5511111111111111 0.3520726859738785
0.5506216696269982 0.3520726859738785
0.5510204081632653 0.3526405451448041
0.550531914893617 0.3526405451448041
0.550044286979628 0.3526405451448041
0.5495575221238939 0.3526405451448041
0.5490716180371353 0.3526405451448041
0.5485865724381626 0.3526405451448041
0.5481023830538394 0.3526405451448041
0.5485008818342152 0.3532084043157297
0.5480176211453744 0.3532084043157297
0.5475352112676056 0.3532084043157297
0.5470536499560247 0.3532084043157297
0.546572934973638 0.3532084043157297
0.5460930640913082 0.3532084043157297
0.5456140350877193 0.3532084043157297
0.5451358457493427 0.3532084043157297
0.5455341506129597 0.3537762634866553
0.5450568678915135 0.3537762634866553
0.5445804195804196 0.3537762634866553
0.5449781659388646 0.3543441226575809
0.5445026178010471 0.3543441226575809
0.5448997384481256 0.35491198182850653
0.544425087108014 0.35491198182850653
0.5439512619669278 0.35491198182850653
0.5443478260869565 0.35547984099943214
0.5447437011294527 0.35604770017035775
0.5451388888888888 0.35661555934128336
0.5446660884648742 0.35661555934128336
0.5450606585788561 0.35718341851220897
0.5445887445887446 0.35718341851220897
0.5441176470588235 0.35718341851220897
0.5445116681071738 0.3577512776831346
0.5440414507772021 0.3577512776831346
0.543572044866264 0.3577512776831346
0.5439655172413793 0.3583191368540602
0.5443583118001722 0.3588869960249858
0.544750430292599 0.3594548551959114
0.5442820292347378 0.3594548551959114
0.5438144329896907 0.3594548551959114
0.5433476394849786 0.3594548551959114
0.5428816466552315 0.3594548551959114
0.5424164524421594 0.3594548551959114
0.5419520547945206 0.3594548551959114
0.5414884516680923 0.3594548551959114
0.541025641025641 0.3594548551959114
0.5405636208368916 0.3594548551959114
0.5401023890784983 0.3594548551959114
0.5404944586530265 0.360022714366837
0.5400340715502555 0.360022714366837
0.5395744680851063 0.360022714366837
0.5391156462585034 0.360022714366837
0.5395072217502124 0.36059057353776264
0.5390492359932089 0.36059057353776264
0.539440203562341 0.36115843270868825
0.5389830508474577 0.36115843270868825
0.5393734123624048 0.36172629187961386
0.538917089678511 0.36172629187961386
0.5384615384615384 0.36172629187961386
0.5380067567567568 0.36172629187961386
0.5383966244725739 0.36229415105053947
0.5379426644182125 0.36229415105053947
0.5374894692502106 0.36229415105053947
0.5370370370370371 0.36229415105053947
0.5374264087468461 0.3628620102214651
0.5378151260504201 0.3634298693923907
0.5373635600335852 0.3634298693923907
0.5369127516778524 0.3634298693923907
0.537300922045264 0.3639977285633163
0.5376884422110553 0.3645655877342419
0.5372384937238494 0.3645655877342419
0.5376254180602007 0.3651334469051675
0.5380116959064327 0.36570130607609314
0.5375626043405676 0.36570130607609314
0.5379482902418682 0.36626916524701875
0.5375 0.36626916524701875
0.537052456286428 0.36626916524701875
0.5374376039933444 0.36683702441794436
0.5369908561928513 0.36683702441794436
0.5365448504983389 0.36683702441794436
0.5360995850622406 0.36683702441794436
0.5356550580431177 0.36683702441794436
0.5352112676056338 0.36683702441794436
0.5347682119205298 0.36683702441794436
0.5351530190239868 0.36740488358886997
0.5347107438016528 0.36740488358886997
0.5350949628406276 0.3679727427597956
0.5346534653465347 0.3679727427597956
0.5342126957955482 0.3679727427597956
0.5337726523887973 0.3679727427597956
0.5341563786008231 0.3685406019307212
0.5337171052631579 0.3685406019307212
0.533278553820871 0.3685406019307212
0.5328407224958949 0.3685406019307212
0.5324036095159967 0.3685406019307212
0.5327868852459017 0.3691084611016468
0.5331695331695332 0.3696763202725724
0.5335515548281505 0.370244179443498
0.5331152902698283 0.370244179443498
0.5334967320261438 0.37081203861442363
0.5330612244897959 0.37081203861442363
0.533442088091354 0.37137989778534924
0.5338223308883455 0.37194775695627486
0.5333876221498371 0.37194775695627486
0.5337672904800651 0.37251561612720047
0.5341463414634147 0.3730834752981261
0.5337124289195776 0.3730834752981261
0.5332792207792207 0.3730834752981261
0.5328467153284672 0.3730834752981261
0.5324149108589952 0.3730834752981261
0.5319838056680162 0.3730834752981261
0.5323624595469255 0.3736513344690517
0.5319320937752627 0.3736513344690517
0.531502423263328 0.3736513344690517
0.5310734463276836 0.3736513344690517
0.5306451612903226 0.3736513344690517
0.5302175664786463 0.3736513344690517
0.5305958132045089 0.3742191936399773
0.5301689460981497 0.3742191936399773
0.5297427652733119 0.3742191936399773
0.5293172690763053 0.3742191936399773
0.528892455858748 0.3742191936399773
0.529270248596632 0.3747870528109029
0.5288461538461539 0.3747870528109029
0.5284227381905524 0.3747870528109029
0.528 0.3747870528109029
0.5283772981614708 0.3753549119818285
0.5279552715654952 0.3753549119818285
0.5275339185953711 0.3753549119818285
0.5271132376395534 0.3753549119818285
0.5266932270916335 0.3753549119818285
0.5270700636942676 0.37592277115275413
0.5266507557677009 0.37592277115275413
0.5262321144674086 0.37592277115275413
0.5258141382049245 0.37592277115275413
0.5253968253968254 0.37592277115275413
0.5249801744647106 0.37592277115275413
0.5253565768621236 0.37649063032367974
0.5257323832145685 0.37705848949460535
0.5253164556962026 0.37705848949460535
0.524901185770751 0.37705848949460535
0.5244865718799369 0.37705848949460535
0.5248618784530387 0.37762634866553096
0.5244479495268138 0.37762634866553096
0.5240346729708432 0.37762634866553096
0.5236220472440944 0.37762634866553096
0.5239968528717546 0.3781942078364566
0.5235849056603774 0.3781942078364566
0.5231736056559309 0.3781942078364566
0.5235478806907379 0.3787620670073822
0.523921568627451 0.3793299261783078
0.5235109717868338 0.3793299261783078
0.5231010180109632 0.3793299261783078
0.5226917057902973 0.3793299261783078
0.5230648944487881 0.3798977853492334
0.52265625 0.3798977853492334
0.522248243559719 0.3798977853492334
0.5226209048361935 0.380465644520159
0.5222135619641465 0.380465644520159
0.5218068535825545 0.380465644520159
0.5214007782101168 0.380465644520159
0.52099533437014 0.380465644520159
0.5205905205905206 0.380465644520159
0.5201863354037267 0.380465644520159
0.5197827773467805 0.380465644520159
0.5201550387596899 0.38103350369108463
0.5197521301316809 0.38103350369108463
0.5193498452012384 0.38103350369108463
0.5189481825212684 0.38103350369108463
0.5193199381761978 0.38160136286201024
0.518918918918919 0.38160136286201024
0.5192901234567902 0.38216922203293585
0.5188897455666923 0.38216922203293585
0.5192604006163328 0.38273708120386146
0.5188606620477291 0.38273708120386146
0.5184615384615384 0.38273708120386146
0.5188316679477325 0.3833049403747871
0.5192012288786483 0.3838727995457127
0.5188027628549501 0.3838727995457127
0.5191717791411042 0.3844406587166383
0.5195402298850574 0.3850085178875639
0.5191424196018377 0.3850085178875639
0.5187452180566182 0.3850085178875639
0.5191131498470948 0.3855763770584895
0.5187165775401069 0.3855763770584895
0.518320610687023 0.3855763770584895
0.5179252479023646 0.3855763770584895
0.5182926829268293 0.3861442362294151
0.5178979436405179 0.3861442362294151
0.517503805175038 0.3861442362294151
0.5178707224334601 0.38671209540034074
0.5174772036474165 0.38671209540034074
0.5170842824601367 0.38671209540034074
0.5174506828528073 0.38727995457126635
0.5170583775587566 0.38727995457126635
0.5174242424242425 0.38784781374219196
0.5170325510976533 0.38784781374219196
0.516641452344932 0.38784781374219196
0.5170068027210885 0.38841567291311757
0.5166163141993958 0.38841567291311757
0.5162264150943396 0.38841567291311757
0.5165912518853696 0.3889835320840432
0.5162019593067069 0.3889835320840432
0.5158132530120482 0.3889835320840432
0.5154251316779533 0.3889835320840432
0.5150375939849624 0.3889835320840432
0.5146506386175808 0.3889835320840432
0.5142642642642643 0.3889835320840432
0.5138784696174044 0.3889835320840432
0.5134932533733133 0.3889835320840432
0.5131086142322098 0.3889835320840432
0.5127245508982036 0.3889835320840432
0.5130890052356021 0.3895513912549688
0.5134529147982063 0.3901192504258944
0.513816280806572 0.39068710959682
0.5134328358208955 0.39068710959682
0.5137956748695004 0.3912549687677456
0.5134128166915052 0.3912549687677456
0.513030528667163 0.3912549687677456
0.5126488095238095 0.3912549687677456
0.512267657992565 0.3912549687677456
0.5118870728083209 0.3912549687677456
0.5115070527097253 0.3912549687677456
0.5111275964391692 0.3912549687677456
0.5107487027427724 0.3912549687677456
0.5103703703703704 0.3912549687677456
0.5107327905255367 0.39182282793867124
0.511094674556213 0.39239068710959685
0.5107169253510717 0.39239068710959685
0.5103397341211225 0.39239068710959685
0.5099630996309963 0.39239068710959685
0.5103244837758112 0.3929585462805224
0.5106853352984525 0.393526405451448
0.5110456553755522 0.3940942646223736
0.5106696100073583 0.3940942646223736
0.5102941176470588 0.3940942646223736
0.5099191770756797 0.3940942646223736
0.5095447870778267 0.3940942646223736
0.5099046221570066 0.39466212379329924
0.5095307917888563 0.39466212379329924
0.5091575091575091 0.39466212379329924
0.5095168374816984 0.39522998296422485
0.5091441111923921 0.39522998296422485
0.5095029239766082 0.39579784213515046
0.5098612125639153 0.39636570130607607
0.5094890510948905 0.39636570130607607
0.5091174325309993 0.39636570130607607
0.5087463556851312 0.39636570130607607
0.5083758193736344 0.39636570130607607
0.5080058224163028 0.39636570130607607
0.5076363636363637 0.39636570130607607
0.5072674418604651 0.39636570130607607
0.5068990559186638 0.39636570130607607
0.5065312046444121 0.39636570130607607
0.5061638868745467 0.39636570130607607
0.5065217391304347 0.3969335604770017
0.5061549601737871 0.3969335604770017
0.5065123010130246 0.3975014196479273
0.5061460592913956 0.3975014196479273
0.5057803468208093 0.3975014196479273
0.5061371841155234 0.3980692788188529
0.5057720057720058 0.3980692788188529
0.505407354001442 0.3980692788188529
0.5050432276657061 0.3980692788188529
0.5046796256299496 0.3980692788188529
0.50431654676259 0.3980692788188529
0.5039539899352984 0.3980692788188529
0.5035919540229885 0.3980692788188529
0.5032304379038047 0.3980692788188529
0.5028694404591105 0.3980692788188529
0.5025089605734767 0.3980692788188529
0.5021489971346705 0.3980692788188529
0.5017895490336435 0.3980692788188529
0.5021459227467812 0.3986371379897785
0.5025017869907077 0.3992049971607041
0.5028571428571429 0.39977285633162973
0.502498215560314 0.39977285633162973
0.5021398002853067 0.39977285633162973
0.5024946543121882 0.40034071550255534
0.5021367521367521 0.40034071550255534
0.501779359430605 0.40034071550255534
0.5014224751066856 0.40034071550255534
0.5010660980810234 0.40034071550255534
0.5007102272727273 0.40034071550255534
0.5010645848119234 0.40090857467348096
0.5014184397163121 0.40147643384440657
0.5010630758327428 0.40147643384440657
0.5014164305949008 0.4020442930153322
0.5010615711252654 0.4020442930153322
0.5007072135785007 0.4020442930153322
0.5003533568904593 0.4020442930153322
0.5 0.4020442930153322
0.5003528581510233 0.4026121521862578
0.5 0.4026121521862578
0.4996476391825229 0.4026121521862578
0.4992957746478873 0.4026121521862578
0.4996481351161154 0.4031800113571834
0.49929676511954996 0.4031800113571834
0.4989458889669712 0.4031800113571834
0.49929775280898875 0.403747870528109
0.49894736842105264 0.403747870528109
0.49859747545582045 0.403747870528109
0.4989488437281009 0.4043157296990346
0.49859943977591037 0.4043157296990346
0.4982505248425472 0.4043157296990346
0.4979020979020979 0.4043157296990346
0.4975541579315164 0.4043157296990346
0.4972067039106145 0.4043157296990346
0.49685973482205165 0.4043157296990346
0.496513249651325 0.4043157296990346
0.4968641114982578 0.40488358886996023
0.4972144846796657 0.40545144804088584
0.4968684759916493 0.40545144804088584
0.4965229485396384 0.40545144804088584
0.4961779013203614 0.40545144804088584
0.49583333333333335 0.40545144804088584
0.4954892435808466 0.40545144804088584
0.4958391123439667 0.40601930721181145
0.4954954954954955 0.40601930721181145
0.49584487534626037 0.40658716638273706
0.4961937716262976 0.4071550255536627
0.495850622406639 0.4071550255536627
0.4961990324809952 0.4077228847245883
0.4958563535911602 0.4077228847245883
0.49551414768806074 0.4077228847245883
0.49517241379310345 0.4077228847245883
0.49552033080634045 0.4082907438955139
0.4951790633608815 0.4082907438955139
0.49483826565726086 0.4082907438955139
0.49449793672627235 0.4082907438955139
0.4941580756013746 0.4082907438955139
0.49381868131868134 0.4082907438955139
0.4934797529169526 0.4082907438955139
0.49314128943758573 0.4082907438955139
0.49280328992460587 0.4082907438955139
0.49246575342465754 0.4082907438955139
0.4921286789869952 0.4082907438955139
0.49247606019151846 0.4088586030664395
0.49213943950786054 0.4088586030664395
0.4918032786885246 0.4088586030664395
0.49146757679180886 0.4088586030664395
0.49113233287858116 0.4088586030664395
0.49079754601226994 0.4088586030664395
0.4904632152588556 0.4088586030664395
0.4901293396868618 0.4088586030664395
0.49047619047619045 0.4094264622373651
0.49014276002719237 0.4094264622373651
0.4898097826086957 0.4094264622373651
0.4894772572980312 0.4094264622373651
0.4891451831750339 0.4094264622373651
0.4888135593220339 0.4094264622373651
0.48848238482384826 0.4094264622373651
0.4881516587677725 0.4094264622373651
0.4878213802435724 0.4094264622373651
0.4874915483434753 0.4094264622373651
0.4871621621621622 0.4094264622373651
0.48683322079675895 0.4094264622373651
0.4865047233468286 0.4094264622373651
0.4861766689143628 0.4094264622373651
0.4858490566037736 0.4094264622373651
0.4855218855218855 0.4094264622373651
0.4858681022880215 0.40999432140829073
0.4855413584398117 0.40999432140829073
0.4852150537634409 0.40999432140829073
0.48488918737407655 0.40999432140829073
0.48523489932885905 0.41056218057921634
0.48490945674044267 0.41056218057921634
0.48458445040214476 0.41056218057921634
0.4842598794373744 0.41056218057921634
0.4839357429718876 0.41056218057921634
0.4836120401337793 0.41056218057921634
0.4832887700534759 0.41056218057921634
0.48296593186372744 0.41056218057921634
0.4826435246995995 0.41056218057921634
0.4829886591060707 0.41113003975014195
0.4826666666666667 0.41113003975014195
0.4823451032644903 0.41113003975014195
0.48202396804260983 0.41113003975014195
0.48170326014637393 0.41113003975014195
0.48138297872340424 0.41113003975014195
0.48106312292358805 0.41113003975014195
0.4814077025232404 0.41169789892106756
0.4810882548108825 0.41169789892106756
0.48143236074270557 0.4122657580919932
0.48111332007952284 0.4122657580919932
0.48079470198675495 0.4122657580919932
0.4811383189940437 0.4128336172629188
0.48148148148148145 0.4134014764338444
0.48182419035029744 0.41396933560477
0.4821664464993395 0.4145371947756956
0.48184818481848185 0.4145371947756956
0.4815303430079156 0.4145371947756956
0.4812129202373105 0.4145371947756956
0.48089591567852435 0.4145371947756956
0.48057932850559576 0.4145371947756956
0.48026315789473684 0.4145371947756956
0.4799474030243261 0.4145371947756956
0.47963206307490147 0.4145371947756956
0.479317137229153 0.4145371947756956
0.479002624671916 0.4145371947756956
0.4786885245901639 0.4145371947756956
0.4783748361730013 0.4145371947756956
0.47806155861165683 0.4145371947756956
0.47774869109947643 0.4145371947756956
0.4774362328319163 0.4145371947756956
0.4777777777777778 0.4151050539466212
0.4774657086871326 0.4151050539466212
0.47780678851174935 0.41567291311754684
0.4781474233529028 0.41624077228847245
0.4784876140808344 0.41680863145939806
0.4781758957654723 0.41680863145939806
0.4778645833333333 0.41680863145939806
0.47755367599219256 0.41680863145939806
0.47724317295188556 0.41680863145939806
0.47693307342430147 0.41680863145939806
0.4766233766233766 0.41680863145939806
0.47696301103179756 0.41737649063032367
0.4766536964980545 0.41737649063032367
0.4763447828904731 0.41737649063032367
0.47603626943005184 0.41737649063032367
0.47572815533980584 0.41737649063032367
0.4754204398447607 0.41737649063032367
0.4751131221719457 0.41737649063032367
0.4748062015503876 0.41737649063032367
0.4744996772111039 0.41737649063032367
0.47419354838709676 0.41737649063032367
0.4738878143133462 0.41737649063032367
0.4735824742268041 0.41737649063032367
0.4739214423696072 0.4179443498012493
0.47425997425997424 0.4185122089721749
0.4739549839228296 0.4185122089721749
0.4736503856041131 0.4185122089721749
0.4733461785484907 0.4185122089721749
0.4730423620025674 0.4185122089721749
0.4733803720333547 0.4190800681431005
0.47307692307692306 0.4190800681431005
0.4727738629083921 0.4190800681431005
0.4731113956466069 0.4196479273140261
0.472808701215611 0.4196479273140261
0.4725063938618926 0.4196479273140261
0.47220447284345046 0.4196479273140261
0.4725415070242657 0.4202157864849517
0.4728781110402042 0.42078364565587734
0.4732142857142857 0.42135150482680295
0.4735500318674315 0.42191936399772856
0.4732484076433121 0.42191936399772856
0.47358370464672184 0.42248722316865417
0.4732824427480916 0.42248722316865417
0.4729815638906548 0.42248722316865417
0.4726810673443456 0.42248722316865417
0.473015873015873 0.4230550823395798
0.4727157360406091 0.4230550823395798
0.47305009511731133 0.4236229415105054
0.47275031685678076 0.4236229415105054
0.47308423052564913 0.424190800681431
0.47341772151898737 0.4247586598523566
0.4731182795698925 0.4247586598523566
0.47281921618204803 0.4247586598523566
0.47252053063802907 0.4247586598523566
0.4722222222222222 0.4247586598523566
0.47192429022082016 0.4247586598523566
0.47225725094577553 0.4253265190232822
0.47195967233774416 0.4253265190232822
0.4716624685138539 0.4253265190232822
0.4713656387665198 0.4253265190232822
0.4716981132075472 0.42589437819420783
0.4714016341923319 0.42589437819420783
0.47110552763819097 0.42589437819420783
0.4708097928436911 0.42589437819420783
0.47051442910915936 0.42589437819420783
0.470846394984326 0.42646223736513345
0.4705513784461153 0.42646223736513345
0.47088290544771444 0.42703009653605906
0.47058823529411764 0.42703009653605906
0.4709193245778612 0.42759795570698467
0.470625 0.42759795570698467
0.47033104309806373 0.42759795570698467
0.4706616729088639 0.4281658148779103
0.4703680598877105 0.4281658148779103
0.470074812967581 0.4281658148779103
0.470404984423676 0.4287336740488359
0.4701120797011208 0.4287336740488359
0.4698195395146235 0.4287336740488359
0.4695273631840796 0.4287336740488359
0.4692355500310752 0.4287336740488359
0.46956521739130436 0.4293015332197615
0.4692737430167598 0.4293015332197615
0.46898263027295284 0.4293015332197615
0.46931184128952264 0.4298693923906871
0.46964064436183395 0.4304372515616127
0.4693498452012384 0.4304372515616127
0.46905940594059403 0.4304372515616127
0.46876932591218307 0.4304372515616127
0.46909765142150806 0.43100511073253833
0.4694255713403335 0.43157296990346394
0.4691358024691358 0.43157296990346394
0.4688463911165947 0.43157296990346394
0.468557336621455 0.43157296990346394
0.4682686383240912 0.43157296990346394
0.46798029556650245 0.43157296990346394
0.4676923076923077 0.43157296990346394
0.46740467404674046 0.43157296990346394
0.46711739397664415 0.43157296990346394
0.4668304668304668 0.43157296990346394
0.4671577655003069 0.43214082907438955
0.46748466257668714 0.43270868824531517
0.46719803801348864 0.43270868824531517
0.4675245098039216 0.4332765474162408
0.4672382118799755 0.4332765474162408
0.4669522643818849 0.4332765474162408
0.4672782874617737 0.4338444065871664
0.4676039119804401 0.434412265758092
0.46792913866829566 0.4349801249290176
0.46825396825396826 0.4355479840999432
0.4685784014643075 0.43611584327086883
0.4682926829268293 0.43611584327086883
0.4680073126142596 0.43611584327086883
0.46772228989037756 0.43611584327086883
0.46804625684723067 0.43668370244179444
0.4677615571776156 0.43668370244179444
0.4674772036474164 0.43668370244179444
0.4671931956257594 0.43668370244179444
0.46751669702489373 0.43725156161272005
0.4672330097087379 0.43725156161272005
0.46694966646452396 0.43725156161272005
0.4666666666666667 0.43725156161272005
0.4663840096910963 0.43725156161272005
0.46670702179176754 0.43781942078364566
0.4664246823956443 0.43781942078364566
0.466142684401451 0.43781942078364566
0.4664652567975831 0.4383872799545713
0.4667874396135266 0.4389551391254969
0.46650573325286665 0.4389551391254969
0.4662243667068758 0.4389551391254969
0.46594333936106086 0.4389551391254969
0.46626506024096387 0.4395229982964225
0.46598434677904876 0.4395229982964225
0.46630565583634176 0.4400908574673481
0.4660252555622369 0.4400908574673481
0.46634615384615385 0.4406587166382737
0.46606606606606604 0.4406587166382737
0.4657863145258103 0.4406587166382737
0.46550689862027594 0.4406587166382737
0.46522781774580335 0.4406587166382737
0.46554823247453564 0.44122657580919933
0.46526946107784434 0.44122657580919933
0.4649910233393178 0.44122657580919933
0.4647129186602871 0.44122657580919933
0.46443514644351463 0.44122657580919933
0.46415770609318996 0.44122657580919933
0.4638805970149254 0.44122657580919933
0.4636038186157518 0.44122657580919933
0.46332737030411447 0.44122657580919933
0.4636471990464839 0.44179443498012494
0.46337105419892793 0.44179443498012494
0.4630952380952381 0.44179443498012494
0.4634146341463415 0.44236229415105055
0.46313912009512487 0.44236229415105055
0.46286393345216875 0.44236229415105055
0.46258907363420426 0.44236229415105055
0.4623145400593472 0.44236229415105055
0.4620403321470937 0.44236229415105055
0.46235921754593956 0.44293015332197616
0.46267772511848343 0.44349801249290177
0.46299585553582 0.4440658716638274
0.46272189349112425 0.4440658716638274
0.4630396215257244 0.444633730834753
0.4627659574468085 0.444633730834753
0.46249261665682223 0.444633730834753
0.4628099173553719 0.4452015900056786
0.4625368731563422 0.4452015900056786
0.46285377358490565 0.4457694491766042
0.4625810253388332 0.4457694491766042
0.4628975265017668 0.4463373083475298
0.46262507357268984 0.4463373083475298
0.4623529411764706 0.4463373083475298
0.4620811287477954 0.4463373083475298
0.4618096357226792 0.4463373083475298
0.46153846153846156 0.4463373083475298
0.4612676056338028 0.4463373083475298
0.46099706744868035 0.4463373083475298
0.46072684642438455 0.4463373083475298
0.46104276508494435 0.44690516751845544
0.4607728337236534 0.44690516751845544
0.4605032182562902 0.44690516751845544
0.460233918128655 0.44690516751845544
0.4605493863237873 0.44747302668938105
0.4602803738317757 0.44747302668938105
0.46001167542323407 0.44747302668938105
0.4603267211201867 0.44804088586030666
0.46005830903790085 0.44804088586030666
0.4597902097902098 0.44804088586030666
0.45952242283051836 0.44804088586030666
0.459837019790454 0.44860874503123227
0.4595695171611402 0.44860874503123227
0.45988372093023255 0.4491766042021579
0.45961650203370136 0.4491766042021579
0.45993031358885017 0.4497444633730835
0.4596633778293674 0.4497444633730835
0.4599767981438515 0.4503123225440091
0.45971014492753626 0.4503123225440091
0.45944380069524915 0.4503123225440091
0.459177764910249 0.4503123225440091
0.45891203703703703 0.4503123225440091
0.459224985540775 0.4508801817149347
0.4595375722543353 0.4514480408858603
0.45984979780473717 0.45201590005678594
0.45958429561200925 0.45201590005678594
0.4598961338718984 0.45258375922771155
0.4602076124567474 0.45315161839863716
0.45994236311239195 0.45315161839863716
0.4596774193548387 0.45315161839863716
0.459412780656304 0.45315161839863716
0.45914844649021863 0.45315161839863716
0.45888441633122484 0.45315161839863716
0.4586206896551724 0.45315161839863716
0.45893164847788626 0.45371947756956277
0.45866819747416765 0.45371947756956277
0.45840504876649457 0.45371947756956277
0.4581422018348624 0.45371947756956277
0.45787965616045845 0.45371947756956277
0.4581901489117984 0.4542873367404884
0.4579278763594734 0.4542873367404884
0.4582379862700229 0.454855195911414
0.4585477415666095 0.4554230550823396
0.4582857142857143 0.4554230550823396
0.45802398629354657 0.4554230550823396
0.4577625570776256 0.4554230550823396
0.45750142612664 0.4554230550823396
0.4572405929304447 0.4554230550823396
0.456980056980057 0.4554230550823396
0.45728929384965833 0.4559909142532652
0.4570290267501423 0.4559909142532652
0.45733788395904434 0.4565587734241908
0.45707788516202386 0.4565587734241908
0.45681818181818185 0.4565587734241908
0.45712663259511643 0.45712663259511643
0.4568671963677639 0.45712663259511643
0.4566080544526375 0.45712663259511643
0.45634920634920634 0.45712663259511643
0.45609065155807366 0.45712663259511643
0.45583238958097394 0.45712663259511643
0.4555744199207697 0.45712663259511643
0.45531674208144796 0.45712663259511643
0.4550593555681176 0.45712663259511643
0.4548022598870056 0.45712663259511643
0.45511010728402035 0.45769449176604204
0.4548532731376975 0.45769449176604204
0.45516074450084604 0.45826235093696766
0.4549041713641488 0.45826235093696766
0.4546478873239437 0.45826235093696766
0.4543918918918919 0.45826235093696766
0.45469893078221724 0.45883021010789327
0.4550056242969629 0.4593980692788189
0.4547498594716133 0.4593980692788189
0.4550561797752809 0.4599659284497445
0.4553621560920831 0.4605337876206701
0.4551066217732884 0.4605337876206701
0.4548513740886147 0.4605337876206701
0.4551569506726457 0.4611016467915957
0.4549019607843137 0.4611016467915957
0.45464725643896975 0.4611016467915957
0.45495243424734194 0.4616695059625213
0.4552572706935123 0.46223736513344693
0.45500279485746226 0.46223736513344693
0.4547486033519553 0.46223736513344693
0.45449469570072587 0.46223736513344693
0.45479910714285715 0.46280522430437254
0.45454545454545453 0.46280522430437254
0.45429208472686733 0.46280522430437254
0.45403899721448465 0.46280522430437254
0.4537861915367483 0.46280522430437254
0.4535336672231497 0.46280522430437254
0.45383759733036705 0.46337308347529815
0.4535853251806559 0.46337308347529815
0.4533333333333333 0.46337308347529815
0.45308162132148805 0.46337308347529815
0.4528301886792453 0.46337308347529815
0.4525790349417637 0.46337308347529815
0.4523281596452328 0.46337308347529815
0.4520775623268698 0.46337308347529815
0.45182724252491696 0.46337308347529815
0.45157719977863864 0.46337308347529815
0.45132743362831856 0.46337308347529815
0.45107794361525705 0.46337308347529815
0.45138121546961324 0.46394094264622376
0.451131971286582 0.46394094264622376
0.45088300220750555 0.46394094264622376
0.45118587975730834 0.4645088018171493
0.45093715545755236 0.4645088018171493
0.45068870523415977 0.4645088018171493
0.45099118942731276 0.46507666098807493
0.4507429829389103 0.46507666098807493
0.45104510451045104 0.46564452015900054
0.4507971412864211 0.46564452015900054
0.45054945054945056 0.46564452015900054
0.45085118066996155 0.46621237932992615
0.45060373216245886 0.46621237932992615
0.4503565551289084 0.46621237932992615
0.45010964912280704 0.46621237932992615
0.44986301369863013 0.46621237932992615
0.44961664841182913 0.46621237932992615
0.4493705528188287 0.46621237932992615
0.44912472647702406 0.46621237932992615
0.4494259158009841 0.46678023850085176
0.44972677595628413 0.4673480976717774
0.4494811578372474 0.4673480976717774
0.449235807860262 0.4673480976717774
0.44899072558647024 0.4673480976717774
0.44874591057797164 0.4673480976717774
0.4485013623978202 0.4673480976717774
0.4482570806100218 0.4673480976717774
0.44801306477953184 0.4673480976717774
0.44776931447225243 0.4673480976717774
0.4475258292550299 0.4673480976717774
0.4472826086956522 0.4673480976717774
0.44758283541553506 0.467915956842703
0.44733984799131377 0.467915956842703
0.44709712425393383 0.467915956842703
0.44685466377440347 0.467915956842703
0.44715447154471544 0.4684838160136286
0.447453954496208 0.4690516751845542
0.4472116946399567 0.4690516751845542
0.44696969696969696 0.4690516751845542
0.44672796106003243 0.4690516751845542
0.4464864864864865 0.4690516751845542
0.44624527282549975 0.4690516751845542
0.44600431965442766 0.4690516751845542
0.44576362655153806 0.4690516751845542
0.44552319309600863 0.4690516751845542
0.44528301886792454 0.4690516751845542
0.44558189655172414 0.4696195343554798
0.4453419493807216 0.4696195343554798
0.44510226049515605 0.4696195343554798
0.4448628294782141 0.4696195343554798
0.44516129032258067 0.47018739352640543
0.4449220849005911 0.47018739352640543
0.4446831364124597 0.47018739352640543
0.4444444444444444 0.47018739352640543
0.44420600858369097 0.47018739352640543
0.44396782841823057 0.47018739352640543
0.4442658092175777 0.47075525269733104
0.44456347080878417 0.47132311186825665
0.4443254817987152 0.47132311186825665
0.44408774745853397 0.47132311186825665
0.44385026737967914 0.47132311186825665
0.4436130411544629 0.47132311186825665
0.44337606837606836 0.47132311186825665
0.44313934863854776 0.47132311186825665
0.4429028815368196 0.47132311186825665
0.44266666666666665 0.47132311186825665
0.4429637526652452 0.47189097103918226
0.4432605221097496 0.47245883021010787
0.443024494142705 0.47245883021010787
0.44278871740287384 0.47245883021010787
0.4425531914893617 0.47245883021010787
0.44231791600212655 0.47245883021010787
0.44261424017003187 0.4730266893810335
0.4423791821561338 0.4730266893810335
0.4421443736730361 0.4730266893810335
0.4424403183023873 0.4735945485519591
0.44220572640509015 0.4735945485519591
0.4419713831478537 0.4735945485519591
0.4417372881355932 0.4735945485519591
0.4420328215987295 0.4741624077228847
0.4417989417989418 0.4741624077228847
0.4415653093601269 0.4741624077228847
0.4413319238900634 0.4741624077228847
0.4410987849973587 0.4741624077228847
0.4408658922914467 0.4741624077228847
0.44063324538258575 0.4741624077228847
0.4404008438818565 0.4741624077228847
0.4401686874011597 0.4741624077228847
0.4399367755532139 0.4741624077228847
0.43970510795155343 0.4741624077228847
0.4394736842105263 0.4741624077228847
0.43924250394529196 0.4741624077228847
0.43901156677181913 0.4741624077228847
0.43878087230688384 0.4741624077228847
0.4385504201680672 0.4741624077228847
0.43832020997375326 0.4741624077228847
0.4386149003147954 0.4747302668938103
0.43838489774514944 0.4747302668938103
0.4381551362683438 0.4747302668938103
0.43792561550550024 0.4747302668938103
0.437696335078534 0.4747302668938103
0.4379905808477237 0.4752981260647359
0.4377615062761506 0.4752981260647359
0.4375326711970727 0.4752981260647359
0.4373040752351097 0.4752981260647359
0.4370757180156658 0.4752981260647359
0.4373695198329854 0.47586598523566154
0.4371413667188315 0.47586598523566154
0.43743482794577687 0.47643384440658715
0.4372068785825951 0.47643384440658715
0.43697916666666664 0.47643384440658715
0.4367516918271733 0.47643384440658715
0.43704474505723206 0.47700170357751276
0.43681747269890797 0.47700170357751276
0.4365904365904366 0.47700170357751276
0.43636363636363634 0.47700170357751276
0.43613707165109034 0.47700170357751276
0.4359107420861443 0.47700170357751276
0.43568464730290457 0.47700170357751276
0.4354587869362364 0.47700170357751276
0.43523316062176165 0.47700170357751276
0.43500776799585705 0.47700170357751276
0.43478260869565216 0.47700170357751276
0.4345576823590274 0.47700170357751276
0.4343329886246122 0.47700170357751276
0.43410852713178294 0.47700170357751276
0.43388429752066116 0.47700170357751276
0.43417656169334023 0.47756956274843837
0.43395252837977294 0.47756956274843837
0.4337287261474987 0.47756956274843837
0.43350515463917527 0.47756956274843837
0.43328181349819683 0.47756956274843837
0.4330587023686921 0.47756956274843837
0.43283582089552236 0.47756956274843837
0.43261316872427985 0.47756956274843837
0.43290488431876606 0.478137421919364
0.43268242548818087 0.478137421919364
0.4324601951720596 0.478137421919364
0.4322381930184805 0.478137421919364
0.43201641867624424 0.478137421919364
0.4317948717948718 0.478137421919364
0.43208610968733985 0.4787052810902896
0.43186475409836067 0.4787052810902896
0.43164362519201227 0.4787052810902896
0.4314227226202661 0.4787052810902896
0.43120204603580564 0.4787052810902896
0.43098159509202455 0.4787052810902896
0.430761369443025 0.4787052810902896
0.4305413687436159 0.4787052810902896
0.43032159264931086 0.4787052810902896
0.4301020408163265 0.4787052810902896
0.4298827129015808 0.4787052810902896
0.43017329255861364 0.4792731402612152
0.4299541518084564 0.4792731402612152
0.42973523421588594 0.4792731402612152
0.42951653944020357 0.4792731402612152
0.42980671414038657 0.4798409994321408
0.4295882053889171 0.4798409994321408
0.429369918699187 0.4798409994321408
0.4291518537328593 0.4798409994321408
0.4289340101522843 0.4798409994321408
0.4287163876204972 0.4798409994321408
0.42849898580121704 0.4798409994321408
0.4287886467308667 0.4804088586030664
0.42857142857142855 0.4804088586030664
0.42835443037974685 0.4804088586030664
0.42864372469635625 0.48097671777399204
0.42842690945877593 0.48097671777399204
0.4282103134479272 0.48097671777399204
0.42799393633148053 0.48097671777399204
0.42777777777777776 0.48097671777399204
0.4275618374558304 0.48097671777399204
0.4273461150353179 0.48097671777399204
0.427130610186586 0.48097671777399204
0.4269153225806452 0.48097671777399204
0.42670025188916877 0.48097671777399204
0.4269889224572004 0.48154457694491765
0.4267740312028183 0.48154457694491765
0.42655935613682094 0.48154457694491765
0.4263448969331322 0.48154457694491765
0.42613065326633165 0.48154457694491765
0.42591662481165243 0.48154457694491765
0.42570281124497994 0.48154457694491765
0.42548921224284997 0.48154457694491765
0.42527582748244735 0.48154457694491765
0.42506265664160403 0.48154457694491765
0.4248496993987976 0.48154457694491765
0.4246369554331497 0.48154457694491765
0.42492492492492495 0.48211243611584326
0.42471235617808906 0.48211243611584326
0.4245 0.48211243611584326
0.424287856071964 0.48211243611584326
0.4240759240759241 0.48211243611584326
0.4238642036944583 0.48211243611584326
0.4236526946107784 0.48211243611584326
0.4239401496259352 0.48268029528676887
0.423728813559322 0.48268029528676887
0.4235176880916791 0.48268029528676887
0.42330677290836655 0.48268029528676887
0.42309606769537084 0.48268029528676887
0.4228855721393035 0.48268029528676887
0.4226752859273993 0.48268029528676887
0.4224652087475149 0.48268029528676887
0.42225534028812717 0.48268029528676887
0.42204568023833167 0.48268029528676887
0.4218362282878412 0.48268029528676887
0.42212301587301587 0.4832481544576945
0.42191373326722853 0.4832481544576945
0.4217046580773043 0.4832481544576945
0.42199108469539376 0.4838160136286201
0.42227722772277226 0.4843838727995457
0.42206828302820387 0.4843838727995457
0.4218595450049456 0.4843838727995457
0.42165101334651506 0.4843838727995457
0.42193675889328064 0.4849517319704713
0.4217283950617284 0.4849517319704713
0.4215202369200395 0.4849517319704713
0.4218056240749877 0.4855195911413969
0.42159763313609466 0.4855195911413969
0.4218827008378512 0.48608745031232253
0.42167487684729066 0.48608745031232253
0.4219596258000985 0.48665530948324814
0.421751968503937 0.48665530948324814
0.4220363994097393 0.48722316865417375
0.4218289085545723 0.48722316865417375
0.4221130221130221 0.48779102782509937
0.4219056974459725 0.48779102782509937
0.4216985763377516 0.48779102782509937
0.42149165848871445 0.48779102782509937
0.4217753800882786 0.488358886996025
0.4215686274509804 0.488358886996025
0.42136207741303283 0.488358886996025
0.42115572967678744 0.488358886996025
0.42143906020558003 0.4889267461669506
0.4212328767123288 0.4889267461669506
0.4210268948655257 0.4889267461669506
0.4208211143695015 0.4889267461669506
0.42061553492916465 0.4889267461669506
0.42041015625 0.4889267461669506
0.42020497803806733 0.4889267461669506
0.42 0.4889267461669506
0.4197952218430034 0.4889267461669506
0.4195906432748538 0.4889267461669506
0.4193862640038967 0.4889267461669506
0.41918208373904575 0.4889267461669506
0.41897810218978104 0.4889267461669506
0.41926070038910507 0.4894946053378762
0.4195430238210987 0.4900624645088018
0.4193391642371234 0.4900624645088018
0.4191355026711996 0.4900624645088018
0.41893203883495145 0.4900624645088018
0.41872877244056284 0.4900624645088018
0.4190106692531523 0.4906303236797274
0.4188075618031992 0.4906303236797274
0.4186046511627907 0.4906303236797274
0.41840193704600487 0.4906303236797274
0.4181994191674734 0.4906303236797274
0.41799709724238027 0.4906303236797274
0.4182785299806576 0.49119818285065303
0.41855969067182214 0.49176604202157864
0.41835748792270533 0.49176604202157864
0.41815548044422984 0.49176604202157864
0.41795366795366795 0.49176604202157864
0.41775205016883743 0.49176604202157864
0.4175506268081003 0.49176604202157864
0.41734939759036144 0.49176604202157864
0.41714836223506746 0.49176604202157864
0.4169475204622051 0.49176604202157864
0.4167468719923003 0.49176604202157864
0.41654641654641655 0.49176604202157864
0.4168269230769231 0.49233390119250425
0.4166266218164344 0.49233390119250425
0.4164265129682997 0.49233390119250425
0.41622659625540087 0.49233390119250425
0.4165067178502879 0.49290176036342986
0.4163069544364508 0.49290176036342986
0.4161073825503356 0.49290176036342986
0.41590800191662675 0.49290176036342986
0.4157088122605364 0.49290176036342986
0.4155098133078028 0.49290176036342986
0.415311004784689 0.49290176036342986
0.4151123864179818 0.49290176036342986
0.4149139579349904 0.49290176036342986
0.4151935021500239 0.4934696195343555
0.41499522445081183 0.4934696195343555
0.4152744630071599 0.4940374787052811
0.4155534351145038 0.4946053378762067
0.41583214115402956 0.4951731970471323
0.4156339370829361 0.4951731970471323
0.41543592186755596 0.4951731970471323
0.41523809523809524 0.4951731970471323
0.4150404569252737 0.4951731970471323
0.4148430066603235 0.4951731970471323
0.4146457441749881 0.4951731970471323
0.4144486692015209 0.4951731970471323
0.4142517814726841 0.4951731970471323
0.41452991452991456 0.4957410562180579
0.4148077835785477 0.49630891538898353
0.4146110056925996 0.49630891538898353
0.4144144144144144 0.49630891538898353
0.4146919431279621 0.49687677455990914
0.4144954997631454 0.49687677455990914
0.4147727272727273 0.49744463373083475
0.41457643161381924 0.49744463373083475
0.41438032166508987 0.49744463373083475
0.41418439716312055 0.49744463373083475
0.41398865784499056 0.49744463373083475
0.41379310344827586 0.49744463373083475
0.4140698772426818 0.49801249290176036
0.413874469089193 0.49801249290176036
0.41367924528301886 0.49801249290176036
0.41395568128241395 0.498580352072686
0.413760603204524 0.498580352072686
0.41356570890249644 0.498580352072686
0.4133709981167608 0.498580352072686
0.4131764705882353 0.498580352072686
0.4129821260583255 0.498580352072686
0.4127879642689234 0.498580352072686
0.412593984962406 0.498580352072686
0.4124001878816346 0.498580352072686
0.41220657276995304 0.498580352072686
0.4120131393711872 0.498580352072686
0.41181988742964354 0.498580352072686
0.4116268166901078 0.498580352072686
0.4114339268978444 0.498580352072686
0.41124121779859485 0.498580352072686
0.4110486891385768 0.498580352072686
0.4108563406644829 0.498580352072686
0.4106641721234799 0.498580352072686
0.4104721832632071 0.498580352072686
0.4102803738317757 0.498580352072686
0.4100887435777674 0.498580352072686
0.4098972922502334 0.498580352072686
0.4097060195986934 0.498580352072686
0.40951492537313433 0.498580352072686
0.4093240093240093 0.498580352072686
0.40959925442684064 0.4991482112436116
0.40940847694457383 0.4991482112436116
0.4092178770949721 0.4991482112436116
0.4090274546300605 0.4991482112436116
0.40930232558139534 0.4997160704145372
0.40911204091120407 0.4997160704145372
0.40892193308550184 0.4997160704145372
0.40873200185787273 0.4997160704145372
0.4085422469823584 0.4997160704145372
0.4088167053364269 0.5002839295854627
0.40862708719851576 0.5002839295854627
0.4084376448771442 0.5002839295854627
0.4082483781278962 0.5002839295854627
0.4080592867068087 0.5002839295854627
0.4078703703703704 0.5002839295854627
0.4076816288755206 0.5002839295854627
0.40749306197964846 0.5002839295854627
0.4077669902912621 0.5008517887563884
0.4075785582255083 0.5008517887563884
0.40739030023094686 0.5008517887563884
0.407202216066482 0.5008517887563884
0.40747577295800647 0.501419647927314
0.4072878228782288 0.501419647927314
0.4071000461041955 0.501419647927314
0.40691244239631336 0.501419647927314
0.40672501151543067 0.501419647927314
0.40699815837937386 0.5019875070982396
0.4072710538426139 0.5025553662691652
0.40754369825206993 0.5031232254400908
0.40781609195402296 0.5036910846110164
0.40762867647058826 0.5036910846110164
0.4079007808911346 0.504258943781942
0.40771349862258954 0.504258943781942
0.4075263882514915 0.504258943781942
0.4073394495412844 0.504258943781942
0.40715268225584594 0.504258943781942
0.4069660861594867 0.504258943781942
0.4067796610169492 0.504258943781942
0.40705128205128205 0.5048268029528676
0.4068649885583524 0.5048268029528676
0.40667886550777677 0.5048268029528676
0.40649291266575216 0.5048268029528676
0.40676416819012795 0.5053946621237932
0.40703517587939697 0.5059625212947189
0.40684931506849314 0.5059625212947189
0.40666362391602007 0.5059625212947189
0.40647810218978103 0.5059625212947189
0.4062927496580027 0.5059625212947189
0.40610756608933457 0.5059625212947189
0.4059225512528474 0.5059625212947189
0.4057377049180328 0.5059625212947189
0.405553026854802 0.5059625212947189
0.40536851683348496 0.5059625212947189
0.4051841746248295 0.5059625212947189
0.405 0.5059625212947189
0.404815992730577 0.5059625212947189
0.40463215258855584 0.5059625212947189
0.40444847934634587 0.5059625212947189
0.4042649727767695 0.5059625212947189
0.40408163265306124 0.5059625212947189
0.4038984587488667 0.5059625212947189
0.40371545083824195 0.5059625212947189
0.40353260869565216 0.5059625212947189
0.40334993209597103 0.5059625212947189
0.40316742081447965 0.5059625212947189
0.40298507462686567 0.5059625212947189
0.4028028933092224 0.5059625212947189
0.4026208766380479 0.5059625212947189
0.4024390243902439 0.5059625212947189
0.4022573363431151 0.5059625212947189
0.4020758122743682 0.5059625212947189
0.401894451962111 0.5059625212947189
0.40171325518485124 0.5059625212947189
0.40153222172149616 0.5059625212947189
0.4018018018018018 0.5065303804656445
0.40162089149031965 0.5065303804656445
0.4018901890189019 0.5070982396365701
0.4017094017094017 0.5070982396365701
0.40152877697841727 0.5070982396365701
0.4013483146067416 0.5070982396365701
0.40116801437556154 0.5070982396365701
0.40098787606645714 0.5070982396365701
0.4008078994614004 0.5070982396365701
0.40107671601615075 0.5076660988074957
0.4008968609865471 0.5076660988074957
0.4007171671896011 0.5076660988074957
0.40053763440860213 0.5076660988074957
0.40035826242722794 0.5076660988074957
0.40017905102954343 0.5076660988074957
