1.0 0.0
1.0 0.0005678591709256105
0.5 0.0005678591709256105
0.6666666666666666 0.001135718341851221
0.5 0.001135718341851221
0.6 0.0017035775127768314
0.6666666666666666 0.002271436683702442
0.7142857142857143 0.0028392958546280523
0.75 0.0034071550255536627
0.7777777777777778 0.003975014196479273
0.7 0.003975014196479273
0.7272727272727273 0.004542873367404884
0.75 0.005110732538330494
0.7692307692307693 0.0056785917092561046
0.7857142857142857 0.006246450880181715
0.7333333333333333 0.006246450880181715
0.75 0.0068143100511073255
0.7647058823529411 0.0073821692220329355
0.7777777777777778 0.007950028392958546
0.7894736842105263 0.008517887563884156
0.8 0.009085746734809767
0.8095238095238095 0.009653605905735378
0.8181818181818182 0.010221465076660987
0.8260869565217391 0.010789324247586598
0.8333333333333334 0.011357183418512209
0.8 0.011357183418512209
0.8076923076923077 0.01192504258943782
0.7777777777777778 0.01192504258943782
0.7857142857142857 0.01249290176036343
0.7586206896551724 0.01249290176036343
0.7666666666666667 0.01306076093128904
0.7741935483870968 0.013628620102214651
0.78125 0.014196479273140262
0.7878787878787878 0.014764338444065871
0.7941176470588235 0.015332197614991482
0.8 0.01590005678591709
0.8055555555555556 0.016467915956842702
0.7837837837837838 0.016467915956842702
0.7894736842105263 0.017035775127768313
0.7948717948717948 0.017603634298693924
0.8 0.018171493469619535
0.8048780487804879 0.018739352640545145
0.8095238095238095 0.019307211811470756
0.813953488372093 0.019875070982396367
0.7954545454545454 0.019875070982396367
0.8 0.020442930153321975
0.8043478260869565 0.021010789324247586
0.8085106382978723 0.021578648495173196
0.7916666666666666 0.021578648495173196
0.7755102040816326 0.021578648495173196
0.78 0.022146507666098807
0.7843137254901961 0.022714366837024418
0.7884615384615384 0.02328222600795003
0.7924528301886793 0.02385008517887564
0.7962962962962963 0.02441794434980125
0.8 0.02498580352072686
0.8035714285714286 0.02555366269165247
0.8070175438596491 0.02612152186257808
0.8103448275862069 0.02668938103350369
0.7966101694915254 0.02668938103350369
0.8 0.027257240204429302
0.8032786885245902 0.027825099375354913
0.8064516129032258 0.028392958546280524
0.8095238095238095 0.028960817717206135
0.796875 0.028960817717206135
0.7846153846153846 0.028960817717206135
0.7878787878787878 0.029528676888131742
0.7910447761194029 0.030096536059057353
0.7941176470588235 0.030664395229982964
0.782608695652174 0.030664395229982964
0.7857142857142857 0.031232254400908575
0.7746478873239436 0.031232254400908575
0.7638888888888888 0.031232254400908575
0.7671232876712328 0.03180011357183418
0.7567567567567568 0.03180011357183418
0.76 0.03236797274275979
0.7631578947368421 0.032935831913685404
0.7532467532467533 0.032935831913685404
0.7564102564102564 0.033503691084611015
0.759493670886076 0.034071550255536626
0.7625 0.034639409426462237
0.7530864197530864 0.034639409426462237
0.7560975609756098 0.03520726859738785
0.7590361445783133 0.03577512776831346
0.7619047619047619 0.03634298693923907
0.7647058823529411 0.03691084611016468
0.7558139534883721 0.03691084611016468
0.7471264367816092 0.03691084611016468
0.7386363636363636 0.03691084611016468
0.7415730337078652 0.03747870528109029
0.7444444444444445 0.0380465644520159
0.7362637362637363 0.0380465644520159
0.7391304347826086 0.03861442362294151
0.7419354838709677 0.039182282793867124
0.7340425531914894 0.039182282793867124
0.7263157894736842 0.039182282793867124
0.71875 0.039182282793867124
0.7216494845360825 0.039750141964792735
0.7244897959183674 0.04031800113571834
0.7272727272727273 0.04088586030664395
0.73 0.04145371947756956
0.7326732673267327 0.04202157864849517
0.7254901960784313 0.04202157864849517
0.7281553398058253 0.04258943781942078
0.7211538461538461 0.04258943781942078
0.7142857142857143 0.04258943781942078
0.7169811320754716 0.04315729699034639
0.719626168224299 0.043725156161272004
0.7129629629629629 0.043725156161272004
0.7064220183486238 0.043725156161272004
0.7090909090909091 0.044293015332197615
0.7117117117117117 0.044860874503123226
0.7142857142857143 0.045428733674048836
0.7168141592920354 0.04599659284497445
0.7192982456140351 0.04656445201590006
0.7217391304347827 0.04713231118682567
0.7241379310344828 0.04770017035775128
0.7264957264957265 0.04826802952867689
0.7288135593220338 0.0488358886996025
0.7310924369747899 0.049403747870528106
0.7333333333333333 0.04997160704145372
0.7272727272727273 0.04997160704145372
0.7295081967213115 0.05053946621237933
0.7317073170731707 0.05110732538330494
0.7258064516129032 0.05110732538330494
0.728 0.05167518455423055
0.7301587301587301 0.05224304372515616
0.7322834645669292 0.05281090289608177
0.734375 0.05337876206700738
0.7286821705426356 0.05337876206700738
0.7307692307692307 0.05394662123793299
0.732824427480916 0.054514480408858604
0.7348484848484849 0.055082339579784215
0.7368421052631579 0.055650198750709826
0.7313432835820896 0.055650198750709826
0.7333333333333333 0.056218057921635436
0.7279411764705882 0.056218057921635436
0.7226277372262774 0.056218057921635436
0.7246376811594203 0.05678591709256105
0.7266187050359713 0.05735377626348666
0.7285714285714285 0.05792163543441227
0.723404255319149 0.05792163543441227
0.7253521126760564 0.05848949460533787
0.7202797202797203 0.05848949460533787
0.7152777777777778 0.05848949460533787
0.7172413793103448 0.059057353776263484
0.7191780821917808 0.059625212947189095
0.7142857142857143 0.059625212947189095
0.7094594594594594 0.059625212947189095
0.7114093959731543 0.060193072118114706
0.7066666666666667 0.060193072118114706
0.7086092715231788 0.06076093128904032
0.7105263157894737 0.06132879045996593
0.7058823529411765 0.06132879045996593
0.7012987012987013 0.06132879045996593
0.7032258064516129 0.06189664963089154
0.7051282051282052 0.06246450880181715
0.7070063694267515 0.06303236797274275
0.7088607594936709 0.06360022714366836
0.710691823899371 0.06416808631459398
0.70625 0.06416808631459398
0.7018633540372671 0.06416808631459398
0.7037037037037037 0.06473594548551959
0.7055214723926381 0.0653038046564452
0.7073170731707317 0.06587166382737081
0.7090909090909091 0.06643952299829642
0.7108433734939759 0.06700738216922203
0.7125748502994012 0.06757524134014764
0.7142857142857143 0.06814310051107325
0.7159763313609467 0.06871095968199886
0.7176470588235294 0.06927881885292447
0.7192982456140351 0.06984667802385008
0.7209302325581395 0.0704145371947757
0.7167630057803468 0.0704145371947757
0.7126436781609196 0.0704145371947757
0.7085714285714285 0.0704145371947757
0.7102272727272727 0.0709823963657013
0.7062146892655368 0.0709823963657013
0.7078651685393258 0.07155025553662692
0.7094972067039106 0.07211811470755253
0.7111111111111111 0.07268597387847814
0.712707182320442 0.07325383304940375
0.7142857142857143 0.07382169222032936
0.7103825136612022 0.07382169222032936
0.7119565217391305 0.07438955139125497
0.7135135135135136 0.07495741056218058
0.7150537634408602 0.07552526973310619
0.7165775401069518 0.0760931289040318
0.7180851063829787 0.07666098807495741
0.7195767195767195 0.07722884724588303
0.7210526315789474 0.07779670641680864
0.7172774869109948 0.07779670641680864
0.71875 0.07836456558773425
0.7202072538860104 0.07893242475865986
0.7216494845360825 0.07950028392958547
0.7230769230769231 0.08006814310051108
0.7244897959183674 0.08063600227143668
0.7208121827411168 0.08063600227143668
0.7171717171717171 0.08063600227143668
0.7135678391959799 0.08063600227143668
0.715 0.08120386144236229
0.7164179104477612 0.0817717206132879
0.7178217821782178 0.08233957978421351
0.7142857142857143 0.08233957978421351
0.7156862745098039 0.08290743895513912
0.7170731707317073 0.08347529812606473
0.7184466019417476 0.08404315729699034
0.7198067632850241 0.08461101646791595
0.7163461538461539 0.08461101646791595
0.7177033492822966 0.08517887563884156
0.719047619047619 0.08574673480976717
0.7203791469194313 0.08631459398069279
0.7216981132075472 0.0868824531516184
0.7230046948356808 0.08745031232254401
0.7242990654205608 0.08801817149346962
0.7255813953488373 0.08858603066439523
0.7222222222222222 0.08858603066439523
0.7235023041474654 0.08915388983532084
0.7201834862385321 0.08915388983532084
0.7214611872146118 0.08972174900624645
0.7181818181818181 0.08972174900624645
0.7194570135746606 0.09028960817717206
0.7207207207207207 0.09085746734809767
0.7219730941704036 0.09142532651902328
0.7232142857142857 0.0919931856899489
0.7244444444444444 0.0925610448608745
0.7212389380530974 0.0925610448608745
0.7180616740088106 0.0925610448608745
0.7149122807017544 0.0925610448608745
0.7117903930131004 0.0925610448608745
0.7130434782608696 0.09312890403180012
0.7142857142857143 0.09369676320272573
0.7155172413793104 0.09426462237365134
0.7124463519313304 0.09426462237365134
0.7136752136752137 0.09483248154457695
0.7106382978723405 0.09483248154457695
0.7076271186440678 0.09483248154457695
0.7088607594936709 0.09540034071550256
0.7100840336134454 0.09596819988642817
0.7112970711297071 0.09653605905735378
0.7125 0.09710391822827939
0.7095435684647303 0.09710391822827939
0.7107438016528925 0.097671777399205
0.7078189300411523 0.097671777399205
0.7090163934426229 0.0982396365701306
0.7061224489795919 0.0982396365701306
0.7073170731707317 0.09880749574105621
0.708502024291498 0.09937535491198182
0.7056451612903226 0.09937535491198182
0.7028112449799196 0.09937535491198182
0.704 0.09994321408290743
0.7051792828685259 0.10051107325383304
0.7023809523809523 0.10051107325383304
0.7035573122529645 0.10107893242475866
0.7047244094488189 0.10164679159568427
0.7019607843137254 0.10164679159568427
0.703125 0.10221465076660988
0.7003891050583657 0.10221465076660988
0.7015503875968992 0.10278250993753549
0.7027027027027027 0.1033503691084611
0.7038461538461539 0.10391822827938671
0.7011494252873564 0.10391822827938671
0.6984732824427481 0.10391822827938671
0.6958174904942965 0.10391822827938671
0.6931818181818182 0.10391822827938671
0.690566037735849 0.10391822827938671
0.6879699248120301 0.10391822827938671
0.6853932584269663 0.10391822827938671
0.6828358208955224 0.10391822827938671
0.6840148698884758 0.10448608745031232
0.6814814814814815 0.10448608745031232
0.6789667896678967 0.10448608745031232
0.6764705882352942 0.10448608745031232
0.673992673992674 0.10448608745031232
0.6751824817518248 0.10505394662123793
0.6763636363636364 0.10562180579216354
0.677536231884058 0.10618966496308915
0.6787003610108303 0.10675752413401476
0.6798561151079137 0.10732538330494037
0.6774193548387096 0.10732538330494037
0.6785714285714286 0.10789324247586599
0.6761565836298933 0.10789324247586599
0.6737588652482269 0.10789324247586599
0.6713780918727915 0.10789324247586599
0.6725352112676056 0.1084611016467916
0.6736842105263158 0.10902896081771721
0.6748251748251748 0.10959681998864282
0.6759581881533101 0.11016467915956843
0.6770833333333334 0.11073253833049404
0.6782006920415224 0.11130039750141965
0.6758620689655173 0.11130039750141965
0.6769759450171822 0.11186825667234526
0.678082191780822 0.11243611584327087
0.6791808873720137 0.11300397501419648
0.6802721088435374 0.1135718341851221
0.6813559322033899 0.1141396933560477
0.6790540540540541 0.1141396933560477
0.6767676767676768 0.1141396933560477
0.6778523489932886 0.11470755252697332
0.6789297658862876 0.11527541169789893
0.68 0.11584327086882454
0.6810631229235881 0.11641113003975014
0.6821192052980133 0.11697898921067575
0.6831683168316832 0.11754684838160136
0.6842105263157895 0.11811470755252697
0.6852459016393443 0.11868256672345258
0.6830065359477124 0.11868256672345258
0.6840390879478827 0.11925042589437819
0.685064935064935 0.1198182850653038
0.6828478964401294 0.1198182850653038
0.6838709677419355 0.12038614423622941
0.684887459807074 0.12095400340715502
0.6858974358974359 0.12152186257808063
0.6837060702875399 0.12152186257808063
0.6847133757961783 0.12208972174900624
0.6825396825396826 0.12208972174900624
0.680379746835443 0.12208972174900624
0.6813880126182965 0.12265758091993186
0.6792452830188679 0.12265758091993186
0.6802507836990596 0.12322544009085747
0.68125 0.12379329926178308
0.6791277258566978 0.12379329926178308
0.6770186335403726 0.12379329926178308
0.6749226006191951 0.12379329926178308
0.6728395061728395 0.12379329926178308
0.6738461538461539 0.12436115843270869
0.6748466257668712 0.1249290176036343
0.672782874617737 0.1249290176036343
0.6707317073170732 0.1249290176036343
0.668693009118541 0.1249290176036343
0.6696969696969697 0.1254968767745599
0.6676737160120846 0.1254968767745599
0.6656626506024096 0.1254968767745599
0.6636636636636637 0.1254968767745599
0.6646706586826348 0.1260647359454855
0.6656716417910448 0.12663259511641112
0.6636904761904762 0.12663259511641112
0.6617210682492581 0.12663259511641112
0.6627218934911243 0.12720045428733673
0.6637168141592921 0.12776831345826234
0.6617647058823529 0.12776831345826234
0.6598240469208211 0.12776831345826234
0.6578947368421053 0.12776831345826234
0.6588921282798834 0.12833617262918795
0.6569767441860465 0.12833617262918795
0.6550724637681159 0.12833617262918795
0.653179190751445 0.12833617262918795
0.654178674351585 0.12890403180011356
0.6522988505747126 0.12890403180011356
0.6532951289398281 0.12947189097103917
0.6514285714285715 0.12947189097103917
0.6495726495726496 0.12947189097103917
0.6505681818181818 0.13003975014196478
0.6515580736543909 0.1306076093128904
0.6497175141242938 0.1306076093128904
0.647887323943662 0.1306076093128904
0.648876404494382 0.131175468483816
0.6498599439775911 0.13174332765474162
0.6480446927374302 0.13174332765474162
0.6462395543175488 0.13174332765474162
0.6472222222222223 0.13231118682566723
0.6481994459833795 0.13287904599659284
0.6464088397790055 0.13287904599659284
0.6473829201101928 0.13344690516751845
0.6483516483516484 0.13401476433844406
0.6493150684931507 0.13458262350936967
0.6475409836065574 0.13458262350936967
0.6485013623978202 0.13515048268029528
0.6467391304347826 0.13515048268029528
0.6476964769647696 0.1357183418512209
0.6459459459459459 0.1357183418512209
0.6469002695417789 0.1362862010221465
0.6451612903225806 0.1362862010221465
0.646112600536193 0.1368540601930721
0.6443850267379679 0.1368540601930721
0.6453333333333333 0.13742191936399772
0.6436170212765957 0.13742191936399772
0.6419098143236074 0.13742191936399772
0.6428571428571429 0.13798977853492334
0.6411609498680739 0.13798977853492334
0.6421052631578947 0.13855763770584895
0.6430446194225722 0.13912549687677456
0.643979057591623 0.13969335604770017
0.6422976501305483 0.13969335604770017
0.640625 0.13969335604770017
0.638961038961039 0.13969335604770017
0.6373056994818653 0.13969335604770017
0.6356589147286822 0.13969335604770017
0.6365979381443299 0.14026121521862578
0.6375321336760925 0.1408290743895514
0.6384615384615384 0.141396933560477
0.6368286445012787 0.141396933560477
0.6377551020408163 0.1419647927314026
0.6361323155216285 0.1419647927314026
0.6345177664974619 0.1419647927314026
0.6354430379746835 0.14253265190232822
0.6338383838383839 0.14253265190232822
0.6347607052896725 0.14310051107325383
0.635678391959799 0.14366837024417944
0.6365914786967418 0.14423622941510506
0.6375 0.14480408858603067
0.6384039900249376 0.14537194775695628
0.6368159203980099 0.14537194775695628
0.6352357320099256 0.14537194775695628
0.6361386138613861 0.1459398069278819
0.6345679012345679 0.1459398069278819
0.6354679802955665 0.1465076660988075
0.6363636363636364 0.1470755252697331
0.6348039215686274 0.1470755252697331
0.6356968215158925 0.14764338444065872
0.6341463414634146 0.14764338444065872
0.635036496350365 0.14821124361158433
0.633495145631068 0.14821124361158433
0.6343825665859564 0.14877910278250994
0.6328502415458938 0.14877910278250994
0.6337349397590362 0.14934696195343555
0.6346153846153846 0.14991482112436116
0.6330935251798561 0.14991482112436116
0.6339712918660287 0.15048268029528677
0.6324582338902148 0.15048268029528677
0.6333333333333333 0.15105053946621239
0.6342042755344418 0.151618398637138
0.6350710900473934 0.1521862578080636
0.6335697399527187 0.1521862578080636
0.6320754716981132 0.1521862578080636
0.6329411764705882 0.15275411697898922
0.6314553990610329 0.15275411697898922
0.6323185011709602 0.15332197614991483
0.633177570093458 0.15388983532084044
0.6317016317016317 0.15388983532084044
0.6325581395348837 0.15445769449176605
0.6334106728538283 0.15502555366269166
0.6319444444444444 0.15502555366269166
0.6304849884526559 0.15502555366269166
0.6290322580645161 0.15502555366269166
0.6298850574712643 0.15559341283361727
0.6284403669724771 0.15559341283361727
0.6292906178489702 0.15616127200454288
0.6278538812785388 0.15616127200454288
0.6287015945330297 0.1567291311754685
0.6295454545454545 0.1572969903463941
0.6303854875283447 0.15786484951731972
0.6289592760180995 0.15786484951731972
0.6297968397291196 0.15843270868824533
0.6283783783783784 0.15843270868824533
0.6292134831460674 0.15900056785917094
0.6278026905829597 0.15900056785917094
0.6263982102908278 0.15900056785917094
0.6272321428571429 0.15956842703009655
0.6280623608017817 0.16013628620102216
0.6288888888888889 0.16070414537194777
0.6297117516629712 0.16127200454287335
0.6305309734513275 0.16183986371379896
0.6291390728476821 0.16183986371379896
0.6299559471365639 0.16240772288472458
0.6285714285714286 0.16240772288472458
0.6271929824561403 0.16240772288472458
0.6258205689277899 0.16240772288472458
0.6266375545851528 0.1629755820556502
0.6274509803921569 0.1635434412265758
0.6260869565217392 0.1635434412265758
0.6247288503253796 0.1635434412265758
0.6233766233766234 0.1635434412265758
0.6241900647948164 0.1641113003975014
0.625 0.16467915956842702
0.6236559139784946 0.16467915956842702
0.6223175965665236 0.16467915956842702
0.6231263383297645 0.16524701873935263
0.6239316239316239 0.16581487791027824
0.6247334754797441 0.16638273708120385
0.6234042553191489 0.16638273708120385
0.6220806794055201 0.16638273708120385
0.6207627118644068 0.16638273708120385
0.6194503171247357 0.16638273708120385
0.620253164556962 0.16695059625212946
0.6210526315789474 0.16751845542305507
0.6197478991596639 0.16751845542305507
0.6205450733752621 0.16808631459398068
0.6213389121338913 0.1686541737649063
0.6221294363256785 0.1692220329358319
0.6208333333333333 0.1692220329358319
0.6216216216216216 0.16978989210675752
0.6203319502074689 0.16978989210675752
0.6211180124223602 0.17035775127768313
0.6198347107438017 0.17035775127768313
0.6206185567010309 0.17092561044860874
0.6213991769547325 0.17149346961953435
0.62217659137577 0.17206132879045996
0.6209016393442623 0.17206132879045996
0.6196319018404908 0.17206132879045996
0.6204081632653061 0.17262918796138557
0.6191446028513238 0.17262918796138557
0.6199186991869918 0.17319704713231118
0.6186612576064908 0.17319704713231118
0.6174089068825911 0.17319704713231118
0.6181818181818182 0.1737649063032368
0.6189516129032258 0.1743327654741624
0.6177062374245473 0.1743327654741624
0.6164658634538153 0.1743327654741624
0.6152304609218436 0.1743327654741624
0.616 0.17490062464508802
0.6167664670658682 0.17546848381601363
0.6175298804780877 0.17603634298693924
0.6163021868787276 0.17603634298693924
0.6170634920634921 0.17660420215786485
0.6178217821782178 0.17717206132879046
0.6185770750988142 0.17773992049971607
0.6193293885601578 0.17830777967064168
0.6200787401574803 0.1788756388415673
0.618860510805501 0.1788756388415673
0.6176470588235294 0.1788756388415673
0.6183953033268101 0.1794434980124929
0.619140625 0.1800113571834185
0.6198830409356725 0.18057921635434412
0.6186770428015564 0.18057921635434412
0.6194174757281553 0.18114707552526974
0.6201550387596899 0.18171493469619535
0.6189555125725339 0.18171493469619535
0.6177606177606177 0.18171493469619535
0.6184971098265896 0.18228279386712096
0.6173076923076923 0.18228279386712096
0.6161228406909789 0.18228279386712096
0.6149425287356322 0.18228279386712096
0.6137667304015296 0.18228279386712096
0.6145038167938931 0.18285065303804657
0.6133333333333333 0.18285065303804657
0.6140684410646388 0.18341851220897218
0.6129032258064516 0.18341851220897218
0.6136363636363636 0.1839863713798978
0.6124763705103969 0.1839863713798978
0.6113207547169811 0.1839863713798978
0.6120527306967984 0.1845542305508234
0.6109022556390977 0.1845542305508234
0.6116322701688556 0.185122089721749
0.6104868913857678 0.185122089721749
0.6093457943925233 0.185122089721749
0.6100746268656716 0.18568994889267462
0.6089385474860335 0.18568994889267462
0.6078066914498141 0.18568994889267462
0.6066790352504638 0.18568994889267462
0.6074074074074074 0.18625780806360023
0.6062846580406654 0.18625780806360023
0.6070110701107011 0.18682566723452584
0.6077348066298343 0.18739352640545145
0.6066176470588235 0.18739352640545145
0.6073394495412844 0.18796138557637707
0.608058608058608 0.18852924474730268
0.6087751371115173 0.1890971039182283
0.6094890510948905 0.1896649630891539
0.6102003642987249 0.1902328222600795
0.610909090909091 0.19080068143100512
0.6098003629764065 0.19080068143100512
0.6105072463768116 0.19136854060193073
0.6112115732368897 0.19193639977285634
0.6101083032490975 0.19193639977285634
0.609009009009009 0.19193639977285634
0.6079136690647482 0.19193639977285634
0.6086175942549371 0.19250425894378195
0.6093189964157706 0.19307211811470756
0.6082289803220036 0.19307211811470756
0.6089285714285714 0.19363997728563317
0.6096256684491979 0.19420783645655879
0.608540925266904 0.19420783645655879
0.6092362344582594 0.1947756956274844
0.6081560283687943 0.1947756956274844
0.6088495575221239 0.19534355479841
0.607773851590106 0.19534355479841
0.6084656084656085 0.19591141396933562
0.6091549295774648 0.1964792731402612
0.6098418277680141 0.1970471323111868
0.6087719298245614 0.1970471323111868
0.6094570928196147 0.19761499148211242
0.6083916083916084 0.19761499148211242
0.6090750436300174 0.19818285065303803
0.60801393728223 0.19818285065303803
0.6086956521739131 0.19875070982396364
0.6076388888888888 0.19875070982396364
0.608318890814558 0.19931856899488926
0.6089965397923875 0.19988642816581487
0.6079447322970639 0.19988642816581487
0.6068965517241379 0.19988642816581487
0.6075731497418244 0.20045428733674048
0.6082474226804123 0.2010221465076661
0.6072041166380789 0.2010221465076661
0.6078767123287672 0.2015900056785917
0.6068376068376068 0.2015900056785917
0.60580204778157 0.2015900056785917
0.6047700170357752 0.2015900056785917
0.6054421768707483 0.2021578648495173
0.6044142614601019 0.2021578648495173
0.6050847457627119 0.20272572402044292
0.6040609137055838 0.20272572402044292
0.6047297297297297 0.20329358319136853
0.6037099494097807 0.20329358319136853
0.6043771043771043 0.20386144236229414
0.6050420168067226 0.20442930153321975
0.6057046979865772 0.20499716070414536
0.6046901172529313 0.20499716070414536
0.6036789297658863 0.20499716070414536
0.6043405676126878 0.20556501987507098
0.6033333333333334 0.20556501987507098
0.6039933444259568 0.2061328790459966
0.6029900332225914 0.2061328790459966
0.603648424543947 0.2067007382169222
0.6026490066225165 0.2067007382169222
0.6016528925619835 0.2067007382169222
0.6006600660066007 0.2067007382169222
0.5996705107084019 0.2067007382169222
0.5986842105263158 0.2067007382169222
0.5993431855500821 0.2072685973878478
0.5983606557377049 0.2072685973878478
0.5973813420621932 0.2072685973878478
0.5964052287581699 0.2072685973878478
0.5954323001631321 0.2072685973878478
0.5944625407166124 0.2072685973878478
0.5934959349593496 0.2072685973878478
0.5925324675324676 0.2072685973878478
0.593192868719611 0.20783645655877342
0.5938511326860841 0.20840431572969903
0.592891760904685 0.20840431572969903
0.5919354838709677 0.20840431572969903
0.5909822866344605 0.20840431572969903
0.5916398713826366 0.20897217490062464
0.5922953451043339 0.20954003407155025
0.5913461538461539 0.20954003407155025
0.5904 0.20954003407155025
0.5910543130990416 0.21010789324247586
0.5901116427432217 0.21010789324247586
0.5907643312101911 0.21067575241340147
0.589825119236884 0.21067575241340147
0.5888888888888889 0.21067575241340147
0.589540412044374 0.21124361158432708
0.5886075949367089 0.21124361158432708
0.5876777251184834 0.21124361158432708
0.5867507886435331 0.21124361158432708
0.5874015748031496 0.2118114707552527
0.5864779874213837 0.2118114707552527
0.5855572998430141 0.2118114707552527
0.5862068965517241 0.2123793299261783
0.5852895148669797 0.2123793299261783
0.5859375 0.21294718909710392
0.5865834633385335 0.21351504826802953
0.5856697819314641 0.21351504826802953
0.5847589424572317 0.21351504826802953
0.5838509316770186 0.21351504826802953
0.5844961240310077 0.21408290743895514
0.5835913312693498 0.21408290743895514
0.5826893353941267 0.21408290743895514
0.5817901234567902 0.21408290743895514
0.5808936825885979 0.21408290743895514
0.58 0.21408290743895514
0.5791090629800307 0.21408290743895514
0.5797546012269938 0.21465076660988075
0.5788667687595712 0.21465076660988075
0.5795107033639144 0.21521862578080636
0.5801526717557252 0.21578648495173197
0.5792682926829268 0.21578648495173197
0.5799086757990868 0.21635434412265758
0.5805471124620061 0.2169222032935832
0.5796661608497724 0.2169222032935832
0.5803030303030303 0.2174900624645088
0.5794251134644478 0.2174900624645088
0.5785498489425982 0.2174900624645088
0.5776772247360482 0.2174900624645088
0.5768072289156626 0.2174900624645088
0.5759398496240602 0.2174900624645088
0.575075075075075 0.2174900624645088
0.5757121439280359 0.21805792163543442
0.5763473053892215 0.21862578080636003
0.5754857997010463 0.21862578080636003
0.5761194029850746 0.21919363997728564
0.5767511177347243 0.21976149914821125
0.5773809523809523 0.22032935831913686
0.5780089153046062 0.22089721749006247
0.5771513353115727 0.22089721749006247
0.5777777777777777 0.22146507666098808
0.5784023668639053 0.2220329358319137
0.5790251107828656 0.2226007950028393
0.5781710914454278 0.2226007950028393
0.5773195876288659 0.2226007950028393
0.5764705882352941 0.2226007950028393
0.5756240822320118 0.2226007950028393
0.5762463343108505 0.2231686541737649
0.575402635431918 0.2231686541737649
0.5745614035087719 0.2231686541737649
0.5751824817518248 0.22373651334469052
0.5743440233236151 0.22373651334469052
0.5735080058224163 0.22373651334469052
0.5741279069767442 0.22430437251561613
0.5732946298984035 0.22430437251561613
0.572463768115942 0.22430437251561613
0.573082489146165 0.22487223168654175
0.5722543352601156 0.22487223168654175
0.5728715728715729 0.22544009085746736
0.5734870317002881 0.22600795002839297
0.5741007194244604 0.22657580919931858
0.5747126436781609 0.2271436683702442
0.5738880918220947 0.2271436683702442
0.5730659025787965 0.2271436683702442
0.5722460658082976 0.2271436683702442
0.5728571428571428 0.2277115275411698
0.572039942938659 0.2277115275411698
0.5726495726495726 0.2282793867120954
0.5718349928876245 0.2282793867120954
0.5724431818181818 0.22884724588302102
0.5716312056737589 0.22884724588302102
0.5722379603399433 0.22941510505394663
0.5728429985855729 0.22998296422487224
0.5720338983050848 0.22998296422487224
0.5726375176304654 0.23055082339579785
0.5732394366197183 0.23111868256672347
0.5724331926863573 0.23111868256672347
0.5716292134831461 0.23111868256672347
0.5708274894810659 0.23111868256672347
0.5714285714285714 0.23168654173764908
0.5720279720279721 0.23225440090857466
0.5712290502793296 0.23225440090857466
0.5704323570432357 0.23225440090857466
0.5696378830083565 0.23225440090857466
0.56884561891516 0.23225440090857466
0.5680555555555555 0.23225440090857466
0.5672676837725381 0.23225440090857466
0.5678670360110804 0.23282226007950027
0.5670816044260027 0.23282226007950027
0.5676795580110497 0.23339011925042588
0.5668965517241379 0.23339011925042588
0.5674931129476584 0.2339579784213515
0.5680880330123796 0.2345258375922771
0.5673076923076923 0.2345258375922771
0.5665294924554184 0.2345258375922771
0.5657534246575342 0.2345258375922771
0.5649794801641587 0.2345258375922771
0.5655737704918032 0.23509369676320271
0.5661664392905866 0.23566155593412833
0.5653950953678474 0.23566155593412833
0.564625850340136 0.23566155593412833
0.5652173913043478 0.23622941510505394
0.5658073270013568 0.23679727427597955
0.5650406504065041 0.23679727427597955
0.564276048714479 0.23679727427597955
0.5635135135135135 0.23679727427597955
0.5641025641025641 0.23736513344690516
0.5633423180592992 0.23736513344690516
0.5625841184387618 0.23736513344690516
0.5618279569892473 0.23736513344690516
0.5610738255033557 0.23736513344690516
0.561662198391421 0.23793299261783077
0.5622489959839357 0.23850085178875638
0.5628342245989305 0.239068710959682
0.5634178905206942 0.2396365701306076
0.5626666666666666 0.2396365701306076
0.5619174434087882 0.2396365701306076
0.5611702127659575 0.2396365701306076
0.5604249667994687 0.2396365701306076
0.5610079575596817 0.2402044293015332
0.5602649006622517 0.2402044293015332
0.5595238095238095 0.2402044293015332
0.5587846763540291 0.2402044293015332
0.5593667546174143 0.24077228847245882
0.5599472990777339 0.24134014764338443
0.5592105263157895 0.24134014764338443
0.5597897503285151 0.24190800681431004
0.5590551181102362 0.24190800681431004
0.5596330275229358 0.24247586598523566
0.5589005235602095 0.24247586598523566
0.5594771241830065 0.24304372515616127
0.5600522193211488 0.24361158432708688
0.560625814863103 0.2441794434980125
0.5611979166666666 0.2447473026689381
0.5604681404421327 0.2447473026689381
0.5597402597402598 0.2447473026689381
0.5603112840466926 0.2453151618398637
0.5595854922279793 0.2453151618398637
0.5588615782664942 0.2453151618398637
0.5581395348837209 0.2453151618398637
0.5574193548387096 0.2453151618398637
0.5567010309278351 0.2453151618398637
0.5572715572715573 0.24588302101078932
0.5565552699228792 0.24588302101078932
0.5558408215661104 0.24588302101078932
0.5551282051282052 0.24588302101078932
0.5544174135723432 0.24588302101078932
0.5537084398976982 0.24588302101078932
0.5542784163473818 0.24645088018171493
0.5548469387755102 0.24701873935264054
0.554140127388535 0.24701873935264054
0.55470737913486 0.24758659852356615
0.554002541296061 0.24758659852356615
0.5545685279187818 0.24815445769449176
0.5538656527249683 0.24815445769449176
0.5544303797468354 0.24872231686541738
0.5549936788874842 0.249290176036343
0.5542929292929293 0.249290176036343
0.5548549810844893 0.2498580352072686
0.5541561712846348 0.2498580352072686
0.5547169811320755 0.2504258943781942
0.5540201005025126 0.2504258943781942
0.5545796737766625 0.2509937535491198
0.5551378446115288 0.2515616127200454
0.5544430538172715 0.2515616127200454
0.555 0.252129471890971
0.5555555555555556 0.2526973310618966
0.5561097256857855 0.25326519023282223
0.5566625155666252 0.25383304940374785
0.5559701492537313 0.25383304940374785
0.55527950310559 0.25383304940374785
0.5545905707196029 0.25383304940374785
0.5539033457249071 0.25383304940374785
0.5532178217821783 0.25383304940374785
0.5525339925834364 0.25383304940374785
0.5518518518518518 0.25383304940374785
0.5511713933415536 0.25383304940374785
0.5504926108374384 0.25383304940374785
0.5498154981549815 0.25383304940374785
0.5491400491400491 0.25383304940374785
0.5484662576687117 0.25383304940374785
0.5477941176470589 0.25383304940374785
0.5471236230110159 0.25383304940374785
0.5464547677261614 0.25383304940374785
0.5457875457875457 0.25383304940374785
0.5451219512195122 0.25383304940374785
0.5456760048721072 0.25440090857467346
0.5462287104622872 0.25496876774559907
0.5455650060753341 0.25496876774559907
0.5461165048543689 0.2555366269165247
0.5466666666666666 0.2561044860874503
0.5472154963680388 0.2566723452583759
0.5465538089480049 0.2566723452583759
0.5458937198067633 0.2566723452583759
0.5452352231604343 0.2566723452583759
0.5445783132530121 0.2566723452583759
0.5451263537906137 0.2572402044293015
0.5456730769230769 0.2578080636002271
0.5450180072028812 0.2578080636002271
0.5443645083932853 0.2578080636002271
0.5449101796407185 0.25837592277115273
0.5454545454545454 0.25894378194207834
0.5448028673835126 0.25894378194207834
0.545346062052506 0.25951164111300395
0.5446960667461264 0.25951164111300395
0.544047619047619 0.25951164111300395
0.544589774078478 0.26007950028392957
0.5451306413301663 0.2606473594548552
0.5456702253855279 0.2612152186257808
0.5450236966824644 0.2612152186257808
0.5455621301775148 0.2617830777967064
0.5460992907801419 0.262350936967632
0.5454545454545454 0.262350936967632
0.5459905660377359 0.2629187961385576
0.5453474676089517 0.2629187961385576
0.5447058823529412 0.2629187961385576
0.5440658049353702 0.2629187961385576
0.5434272300469484 0.2629187961385576
0.5427901524032825 0.2629187961385576
0.5433255269320844 0.26348665530948323
0.543859649122807 0.26405451448040884
0.5432242990654206 0.26405451448040884
0.5425904317386231 0.26405451448040884
0.541958041958042 0.26405451448040884
0.5413271245634459 0.26405451448040884
0.541860465116279 0.26462237365133445
0.5412311265969802 0.26462237365133445
0.5406032482598608 0.26462237365133445
0.5399768250289687 0.26462237365133445
0.5405092592592593 0.26519023282226006
0.5410404624277456 0.2657580919931857
0.5404157043879908 0.2657580919931857
0.5397923875432526 0.2657580919931857
0.5403225806451613 0.2663259511641113
0.5408515535097813 0.2668938103350369
0.5413793103448276 0.2674616695059625
0.5407577497129736 0.2674616695059625
0.5401376146788991 0.2674616695059625
0.5395189003436426 0.2674616695059625
0.5389016018306636 0.2674616695059625
0.5382857142857143 0.2674616695059625
0.5376712328767124 0.2674616695059625
0.5370581527936146 0.2674616695059625
0.5375854214123007 0.2680295286768881
0.5381114903299203 0.26859738784781373
0.5386363636363637 0.26916524701873934
0.5391600454029511 0.26973310618966495
0.5385487528344671 0.26973310618966495
0.5379388448471121 0.26973310618966495
0.5373303167420814 0.26973310618966495
0.5378531073446328 0.27030096536059056
0.5383747178329571 0.2708688245315162
0.5388951521984217 0.2714366837024418
0.5394144144144144 0.2720045428733674
0.5388076490438695 0.2720045428733674
0.5382022471910113 0.2720045428733674
0.5375982042648709 0.2720045428733674
0.5381165919282511 0.272572402044293
0.5386338185890257 0.2731402612152186
0.5380313199105146 0.2731402612152186
0.5374301675977654 0.2731402612152186
0.5368303571428571 0.2731402612152186
0.5373467112597548 0.2737081203861442
0.5367483296213809 0.2737081203861442
0.5361512791991101 0.2737081203861442
0.5355555555555556 0.2737081203861442
0.5349611542730299 0.2737081203861442
0.5354767184035477 0.27427597955706984
0.5359911406423035 0.27484383872799545
0.5353982300884956 0.27484383872799545
0.5359116022099447 0.27541169789892106
0.5353200883002207 0.27541169789892106
0.5347298787210585 0.27541169789892106
0.5341409691629956 0.27541169789892106
0.5335533553355336 0.27541169789892106
0.5340659340659341 0.27597955706984667
0.5345773874862788 0.2765474162407723
0.5339912280701754 0.2765474162407723
0.5334063526834611 0.2765474162407723
0.5328227571115973 0.2765474162407723
0.5333333333333333 0.2771152754116979
0.5338427947598253 0.2776831345826235
0.5332606324972737 0.2776831345826235
0.5326797385620915 0.2776831345826235
0.5321001088139282 0.2776831345826235
0.5315217391304348 0.2776831345826235
0.5320304017372421 0.2782509937535491
0.5325379609544468 0.2788188529244747
0.5319609967497292 0.2788188529244747
0.5313852813852814 0.2788188529244747
0.5308108108108108 0.2788188529244747
0.5302375809935205 0.2788188529244747
0.5296655879180151 0.2788188529244747
0.5301724137931034 0.27938671209540034
0.5306781485468245 0.27995457126632595
0.5301075268817205 0.27995457126632595
0.5295381310418904 0.27995457126632595
0.5300429184549357 0.28052243043725156
0.5294748124330118 0.28052243043725156
0.5299785867237687 0.28109028960817717
0.5294117647058824 0.28109028960817717
0.5288461538461539 0.28109028960817717
0.5293489861259338 0.2816581487791028
0.5287846481876333 0.2816581487791028
0.5282215122470714 0.2816581487791028
0.5287234042553192 0.2822260079500284
0.5281615302869288 0.2822260079500284
0.5276008492569002 0.2822260079500284
0.528101802757158 0.282793867120954
0.527542372881356 0.282793867120954
0.526984126984127 0.282793867120954
0.5274841437632135 0.2833617262918796
0.5279831045406547 0.2839295854628052
0.5274261603375527 0.2839295854628052
0.5268703898840885 0.2839295854628052
0.5263157894736842 0.2839295854628052
0.5257623554153522 0.2839295854628052
0.5252100840336135 0.2839295854628052
0.5246589716684156 0.2839295854628052
0.5241090146750524 0.2839295854628052
0.5235602094240838 0.2839295854628052
0.5230125523012552 0.2839295854628052
0.522466039707419 0.2839295854628052
0.5219206680584552 0.2839295854628052
0.5213764337851929 0.2839295854628052
0.5208333333333334 0.2839295854628052
0.5202913631633714 0.2839295854628052
0.5207900207900208 0.28449744463373083
0.5202492211838006 0.28449744463373083
0.520746887966805 0.28506530380465644
0.5202072538860104 0.28506530380465644
0.5196687370600414 0.28506530380465644
0.5191313340227508 0.28506530380465644
0.518595041322314 0.28506530380465644
0.5180598555211559 0.28506530380465644
0.5185567010309279 0.28563316297558206
0.518022657054583 0.28563316297558206
0.5174897119341564 0.28563316297558206
0.5179856115107914 0.28620102214650767
0.5174537987679672 0.28620102214650767
0.5169230769230769 0.28620102214650767
0.5163934426229508 0.28620102214650767
0.5158648925281474 0.28620102214650767
0.516359918200409 0.2867688813174333
0.5168539325842697 0.2873367404883589
0.5173469387755102 0.2879045996592845
0.5168195718654435 0.2879045996592845
0.5173116089613035 0.2884724588302101
0.5178026449643948 0.2890403180011357
0.5172764227642277 0.2890403180011357
0.516751269035533 0.2890403180011357
0.5172413793103449 0.28960817717206133
0.5167173252279635 0.28960817717206133
0.5172064777327935 0.29017603634298694
0.5166835187057633 0.29017603634298694
0.5161616161616162 0.29017603634298694
0.515640766902119 0.29017603634298694
0.5151209677419355 0.29017603634298694
0.5146022155085599 0.29017603634298694
0.5140845070422535 0.29017603634298694
0.5135678391959799 0.29017603634298694
0.5130522088353414 0.29017603634298694
0.5125376128385155 0.29017603634298694
0.5120240480961924 0.29017603634298694
0.5125125125125125 0.29074389551391255
0.512 0.29074389551391255
0.5114885114885115 0.29074389551391255
0.5109780439121756 0.29074389551391255
0.5104685942173479 0.29074389551391255
0.5099601593625498 0.29074389551391255
0.5104477611940299 0.29131175468483816
0.5099403578528827 0.29131175468483816
0.5104270109235353 0.2918796138557638
0.5109126984126984 0.2924474730266894
0.5104063429137761 0.2924474730266894
0.5108910891089109 0.293015332197615
0.5103857566765578 0.293015332197615
0.5098814229249012 0.293015332197615
0.5093780848963475 0.293015332197615
0.5088757396449705 0.293015332197615
0.5083743842364532 0.293015332197615
0.5088582677165354 0.2935831913685406
0.5093411996066863 0.2941510505394662
0.5098231827111984 0.29471890971039183
0.5103042198233563 0.29528676888131744
0.5107843137254902 0.29585462805224305
0.5102840352595495 0.29585462805224305
0.5097847358121331 0.29585462805224305
0.509286412512219 0.29585462805224305
0.509765625 0.29642248722316866
0.5102439024390244 0.2969903463940943
0.5097465886939572 0.2969903463940943
0.5102239532619279 0.2975582055650199
0.5097276264591439 0.2975582055650199
0.5092322643343051 0.2975582055650199
0.5087378640776699 0.2975582055650199
0.5092143549951503 0.2981260647359455
0.5096899224806202 0.2986939239068711
0.510164569215876 0.2992617830777967
0.5096711798839458 0.2992617830777967
0.5091787439613527 0.2992617830777967
0.5086872586872587 0.2992617830777967
0.5091610414657667 0.29982964224872233
0.5096339113680154 0.30039750141964794
0.5101058710298364 0.30096536059057355
0.510576923076923 0.30153321976149916
0.5110470701248799 0.30210107893242477
0.5115163147792706 0.3026689381033504
0.5119846596356663 0.303236797274276
0.5114942528735632 0.303236797274276
0.5119617224880383 0.3038046564452016
0.511472275334608 0.3038046564452016
0.5109837631327603 0.3038046564452016
0.5104961832061069 0.3038046564452016
0.5109628217349858 0.3043725156161272
0.5104761904761905 0.3043725156161272
0.510941960038059 0.3049403747870528
0.5104562737642585 0.3049403747870528
0.50997150997151 0.3049403747870528
0.5094876660341556 0.3049403747870528
0.5090047393364929 0.3049403747870528
0.5085227272727273 0.3049403747870528
0.5080416272469253 0.3049403747870528
0.5075614366729678 0.3049403747870528
0.5070821529745042 0.3049403747870528
0.5075471698113208 0.30550823395797844
0.5070688030160226 0.30550823395797844
0.507532956685499 0.30607609312890405
0.5070555032925682 0.30607609312890405
0.5075187969924813 0.30664395229982966
0.5070422535211268 0.30664395229982966
0.5065666041275797 0.30664395229982966
0.5060918462980318 0.30664395229982966
0.5065543071161048 0.30721181147075527
0.5070159027128157 0.3077796706416809
0.5065420560747663 0.3077796706416809
0.5060690943043884 0.3077796706416809
0.5065298507462687 0.3083475298126065
0.5069897483690587 0.3089153889835321
0.5065176908752328 0.3089153889835321
0.5060465116279069 0.3089153889835321
0.5055762081784386 0.3089153889835321
0.5060352831940576 0.3094832481544577
0.5055658627087198 0.3094832481544577
0.505097312326228 0.3094832481544577
0.5046296296296297 0.3094832481544577
0.5041628122109159 0.3094832481544577
0.5036968576709797 0.3094832481544577
0.5032317636195752 0.3094832481544577
0.503690036900369 0.3100511073253833
0.5032258064516129 0.3100511073253833
0.503683241252302 0.31061896649630893
0.5041398344066237 0.31118682566723455
0.5045955882352942 0.31175468483816016
0.5041322314049587 0.31175468483816016
0.5036697247706422 0.31175468483816016
0.5041246562786434 0.31232254400908577
0.5045787545787546 0.3128904031800114
0.5041171088746569 0.3128904031800114
0.5036563071297989 0.3128904031800114
0.5031963470319635 0.3128904031800114
0.5036496350364964 0.313458262350937
0.504102096627165 0.3140261215218626
0.5045537340619308 0.3145939806927882
0.5050045495905369 0.3151618398637138
0.5045454545454545 0.3151618398637138
0.5040871934604905 0.3151618398637138
0.5036297640653358 0.3151618398637138
0.5031731640979148 0.3151618398637138
0.5027173913043478 0.3151618398637138
0.502262443438914 0.3151618398637138
0.5027124773960217 0.31572969903463943
0.5022583559168925 0.31572969903463943
0.5027075812274369 0.31629755820556504
0.5022542831379622 0.31629755820556504
0.5018018018018018 0.31629755820556504
0.5022502250225023 0.31686541737649065
0.5026978417266187 0.31743327654741627
0.5022461814914645 0.31743327654741627
0.5026929982046678 0.3180011357183419
0.5031390134529148 0.3185689948892675
0.503584229390681 0.3191368540601931
0.5040286481647269 0.3197047132311187
0.5044722719141324 0.3202725724020443
0.5040214477211796 0.3202725724020443
0.5044642857142857 0.32084043157296993
0.504014272970562 0.32084043157296993
0.5035650623885918 0.32084043157296993
0.5031166518254675 0.32084043157296993
0.5026690391459074 0.32084043157296993
0.5022222222222222 0.32084043157296993
0.5017761989342806 0.32084043157296993
0.5013309671694764 0.32084043157296993
0.500886524822695 0.32084043157296993
0.5004428697962799 0.32084043157296993
0.5 0.32084043157296993
0.4995579133510168 0.32084043157296993
0.4991166077738516 0.32084043157296993
0.499558693733451 0.32140829074389554
0.4991181657848324 0.32140829074389554
0.4995594713656388 0.3219761499148211
0.49911971830985913 0.3219761499148211
0.49868073878627966 0.3219761499148211
0.4982425307557118 0.3219761499148211
0.4986830553116769 0.3225440090857467
0.49912280701754386 0.3231118682566723
0.49956178790534617 0.32367972742759793
0.5 0.32424758659852354
0.5004374453193351 0.32481544576944915
0.5 0.32481544576944915
0.5004366812227075 0.32538330494037476
0.5008726003490401 0.3259511641113004
0.5004359197907585 0.3259511641113004
0.5008710801393729 0.326519023282226
0.5013054830287206 0.3270868824531516
0.5008695652173913 0.3270868824531516
0.5004344048653345 0.3270868824531516
0.5 0.3270868824531516
0.49956634865568084 0.3270868824531516
0.49913344887348354 0.3270868824531516
0.4987012987012987 0.3270868824531516
0.4991349480968858 0.3276547416240772
0.49870354364736386 0.3276547416240772
0.49827288428324695 0.3276547416240772
0.49784296807592754 0.3276547416240772
0.4982758620689655 0.3282226007950028
0.49870801033591733 0.3287904599659284
0.49827882960413084 0.3287904599659284
0.49785038693035255 0.3287904599659284
0.49742268041237114 0.3287904599659284
0.49699570815450644 0.3287904599659284
0.49656946826758147 0.3287904599659284
0.49700085689802914 0.32935831913685404
0.4974315068493151 0.32992617830777965
0.49700598802395207 0.32992617830777965
0.49743589743589745 0.33049403747870526
0.49701110162254486 0.33049403747870526
0.4974402730375427 0.33106189664963087
0.49701619778346123 0.33106189664963087
0.49744463373083475 0.3316297558205565
0.4978723404255319 0.3321976149914821
0.49829931972789115 0.3327654741624077
0.49787595581988103 0.3327654741624077
0.49830220713073003 0.3333333333333333
0.49787955894826125 0.3333333333333333
0.49745762711864405 0.3333333333333333
0.497883149872989 0.3339011925042589
0.49746192893401014 0.3339011925042589
0.4970414201183432 0.3339011925042589
0.49746621621621623 0.33446905167518454
0.4970464135021097 0.33446905167518454
0.4966273187183811 0.33446905167518454
0.4962089300758214 0.33446905167518454
0.4957912457912458 0.33446905167518454
0.4953742640874685 0.33446905167518454
0.4957983193277311 0.33503691084611015
0.49538203190596136 0.33503691084611015
0.4949664429530201 0.33503691084611015
0.4945515507124895 0.33503691084611015
0.49413735343383586 0.33503691084611015
0.49372384937238495 0.33503691084611015
0.49331103678929766 0.33503691084611015
0.4928989139515455 0.33503691084611015
0.493322203672788 0.33560477001703576
0.493744787322769 0.33617262918796137
0.49333333333333335 0.33617262918796137
0.49375520399666945 0.336740488358887
0.4933444259567388 0.336740488358887
0.4929343308395677 0.336740488358887
0.49335548172757476 0.3373083475298126
0.49294605809128633 0.3373083475298126
0.49336650082918737 0.3378762067007382
0.49295774647887325 0.3378762067007382
0.4925496688741722 0.3378762067007382
0.4921422663358147 0.3378762067007382
0.4925619834710744 0.3384440658716638
0.4921552436003303 0.3384440658716638
0.49257425742574257 0.3390119250425894
0.49299258037922505 0.33957978421351503
0.49341021416803954 0.34014764338444065
0.49300411522633747 0.34014764338444065
0.4925986842105263 0.34014764338444065
0.4930156121610518 0.34071550255536626
0.49261083743842365 0.34071550255536626
0.4922067268252666 0.34071550255536626
0.4918032786885246 0.34071550255536626
0.49221949221949224 0.34128336172629187
0.4918166939443535 0.34128336172629187
0.4922322158626329 0.3418512208972175
0.4918300653594771 0.3418512208972175
0.4922448979591837 0.3424190800681431
0.4926590538336052 0.3429869392390687
0.4930725346373268 0.3435547984099943
0.49267100977198697 0.3435547984099943
0.49308380797396256 0.3441226575809199
0.4926829268292683 0.3441226575809199
0.49228269699431354 0.3441226575809199
0.49188311688311687 0.3441226575809199
0.49148418491484186 0.3441226575809199
0.49189627228525123 0.34469051675184553
0.491497975708502 0.34469051675184553
0.4919093851132686 0.34525837592277114
0.49151172190784154 0.34525837592277114
0.4911147011308562 0.34525837592277114
0.4907183212267958 0.34525837592277114
0.49112903225806454 0.34582623509369675
0.49153908138597907 0.34639409426462237
0.4919484702093398 0.346961953435548
0.4923572003218021 0.3475298126064736
0.4919614147909968 0.3475298126064736
0.491566265060241 0.3475298126064736
0.49197431781701445 0.3480976717773992
0.49238171611868486 0.3486655309483248
0.49198717948717946 0.3486655309483248
0.49159327461969576 0.3486655309483248
0.4912 0.3486655309483248
0.4908073541167066 0.3486655309483248
0.4904153354632588 0.3486655309483248
0.49002394253790904 0.3486655309483248
0.4904306220095694 0.3492333901192504
0.49083665338645416 0.34980124929017603
0.49044585987261147 0.34980124929017603
0.4900556881463803 0.34980124929017603
0.4904610492845787 0.35036910846110164
0.49007148530579825 0.35036910846110164
0.48968253968253966 0.35036910846110164
0.48929421094369546 0.35036910846110164
0.4889064976228209 0.35036910846110164
0.48931116389548696 0.35093696763202725
0.4889240506329114 0.35093696763202725
0.48853754940711464 0.35093696763202725
0.48894154818325436 0.35150482680295286
0.48855564325177586 0.35150482680295286
0.4889589905362776 0.3520726859738785
0.48857368006304175 0.3520726859738785
0.4881889763779528 0.3520726859738785
0.4878048780487805 0.3520726859738785
0.48742138364779874 0.3520726859738785
0.4870384917517675 0.3520726859738785
0.48744113029827313 0.3526405451448041
0.48705882352941177 0.3526405451448041
0.48667711598746083 0.3526405451448041
0.48707909162098667 0.3532084043157297
0.4874804381846635 0.3537762634866553
0.4870992963252541 0.3537762634866553
0.48671875 0.3537762634866553
0.48633879781420764 0.3537762634866553
0.4859594383775351 0.3537762634866553
0.48636009353078724 0.3543441226575809
0.48598130841121495 0.3543441226575809
0.48638132295719844 0.35491198182850653
0.4860031104199067 0.35491198182850653
0.4864024864024864 0.35547984099943214
0.48680124223602483 0.35604770017035775
0.48719937936384794 0.35661555934128336
0.4868217054263566 0.35661555934128336
0.48644461657629745 0.35661555934128336
0.48606811145510836 0.35661555934128336
0.48646558391337974 0.35718341851220897
0.4860896445131376 0.35718341851220897
0.4864864864864865 0.3577512776831346
0.4861111111111111 0.3577512776831346
0.4865073245952197 0.3583191368540602
0.4869029275808937 0.3588869960249858
0.48729792147806006 0.3594548551959114
0.4869230769230769 0.3594548551959114
0.4865488086087625 0.3594548551959114
0.4869431643625192 0.360022714366837
0.48656945510360705 0.360022714366837
0.4869631901840491 0.36059057353776264
0.48659003831417624 0.36059057353776264
0.4869831546707504 0.36115843270868825
0.48737566947207345 0.36172629187961386
0.48700305810397554 0.36172629187961386
0.48739495798319327 0.36229415105053947
0.4870229007633588 0.36229415105053947
0.4874141876430206 0.3628620102214651
0.4870426829268293 0.3628620102214651
0.48667174409748665 0.3628620102214651
0.4863013698630137 0.3628620102214651
0.4859315589353612 0.3628620102214651
0.48556231003039513 0.3628620102214651
0.48519362186788156 0.3628620102214651
0.48482549317147194 0.3628620102214651
0.4844579226686884 0.3628620102214651
0.48409090909090907 0.3628620102214651
0.4837244511733535 0.3628620102214651
0.4833585476550681 0.3628620102214651
0.48299319727891155 0.3628620102214651
0.48338368580060426 0.3634298693923907
0.48377358490566036 0.3639977285633163
0.48340874811463047 0.3639977285633163
0.48304446119065564 0.3639977285633163
0.48268072289156627 0.3639977285633163
0.4823175319789315 0.3639977285633163
0.48195488721804514 0.3639977285633163
0.48159278737791134 0.3639977285633163
0.48123123123123124 0.3639977285633163
0.4808702175543886 0.3639977285633163
0.48050974512743627 0.3639977285633163
0.4801498127340824 0.3639977285633163
0.47979041916167664 0.3639977285633163
0.47943156320119673 0.3639977285633163
0.4798206278026906 0.3645655877342419
0.48020911127707244 0.3651334469051675
0.48059701492537316 0.36570130607609314
0.4802386278896346 0.36570130607609314
0.4798807749627422 0.36570130607609314
0.4802680565897245 0.36626916524701875
0.4799107142857143 0.36626916524701875
0.4795539033457249 0.36626916524701875
0.47919762258543835 0.36626916524701875
0.4795842613214551 0.36683702441794436
0.4792284866468843 0.36683702441794436
0.4788732394366197 0.36683702441794436
0.4792592592592593 0.36740488358886997
0.4789045151739452 0.36740488358886997
0.47928994082840237 0.3679727427597956
0.4789356984478936 0.3679727427597956
0.47858197932053176 0.3679727427597956
0.4789667896678967 0.3685406019307212
0.4786135693215339 0.3685406019307212
0.4782608695652174 0.3685406019307212
0.4786450662739323 0.3691084611016468
0.47902869757174393 0.3696763202725724
0.47941176470588237 0.370244179443498
0.47979426891991184 0.37081203861442363
0.47944199706314244 0.37081203861442363
0.47909024211298606 0.37081203861442363
0.47873900293255134 0.37081203861442363
0.47912087912087914 0.37137989778534924
0.4787701317715959 0.37137989778534924
0.47841989758595466 0.37137989778534924
0.4780701754385965 0.37137989778534924
0.4777209642074507 0.37137989778534924
0.4781021897810219 0.37194775695627486
0.4777534646243618 0.37194775695627486
0.4774052478134111 0.37194775695627486
0.47778587035688275 0.37251561612720047
0.4781659388646288 0.3730834752981261
0.47854545454545455 0.3736513344690517
0.4789244186046512 0.3742191936399773
0.4785766158315178 0.3742191936399773
0.4782293178519594 0.3742191936399773
0.47788252356780275 0.3742191936399773
0.47753623188405797 0.3742191936399773
0.4779145546705286 0.3747870528109029
0.47829232995658466 0.3753549119818285
0.4779464931308749 0.3753549119818285
0.47760115606936415 0.3753549119818285
0.4772563176895307 0.3753549119818285
0.4769119769119769 0.3753549119818285
0.47656813266041814 0.3753549119818285
0.4762247838616715 0.3753549119818285
0.47588192944564434 0.3753549119818285
0.47553956834532374 0.3753549119818285
0.47591660675772823 0.37592277115275413
0.47629310344827586 0.37649063032367974
0.4766690595836324 0.37705848949460535
0.4763271162123386 0.37705848949460535
0.4767025089605735 0.37762634866553096
0.47707736389684813 0.3781942078364566
0.4767358625626342 0.3781942078364566
0.4771101573676681 0.3787620670073822
0.47748391708363114 0.3793299261783078
0.47714285714285715 0.3793299261783078
0.476802284082798 0.3793299261783078
0.47717546362339514 0.3798977853492334
0.4775481111903065 0.380465644520159
0.4772079772079772 0.380465644520159
0.47686832740213525 0.380465644520159
0.47652916073968704 0.380465644520159
0.47619047619047616 0.380465644520159
0.4758522727272727 0.380465644520159
0.47622427253371186 0.38103350369108463
0.47588652482269506 0.38103350369108463
0.4755492558469171 0.38103350369108463
0.4752124645892351 0.38103350369108463
0.47558386411889597 0.38160136286201024
0.4752475247524752 0.38160136286201024
0.47491166077738517 0.38160136286201024
0.4745762711864407 0.38160136286201024
0.47424135497529996 0.38160136286201024
0.47390691114245415 0.38160136286201024
0.47357293868921774 0.38160136286201024
0.4732394366197183 0.38160136286201024
0.4729064039408867 0.38160136286201024
0.4732770745428973 0.38216922203293585
0.4729444834855938 0.38216922203293585
0.4726123595505618 0.38216922203293585
0.47228070175438597 0.38216922203293585
0.47194950911640954 0.38216922203293585
0.4716187806587246 0.38216922203293585
0.47198879551820727 0.38273708120386146
0.4716585024492652 0.38273708120386146
0.47132867132867134 0.38273708120386146
0.47099930118798045 0.38273708120386146
0.47067039106145253 0.38273708120386146
0.4703419399860433 0.38273708120386146
0.4707112970711297 0.3833049403747871
0.4710801393728223 0.3838727995457127
0.4714484679665738 0.3844406587166383
0.4711203897007655 0.3844406587166383
0.47079276773296247 0.3844406587166383
0.47046560111188324 0.3844406587166383
0.4701388888888889 0.3844406587166383
0.47050659264399725 0.3850085178875639
0.470873786407767 0.3855763770584895
0.47054747054747054 0.3855763770584895
0.4709141274238227 0.3861442362294151
0.47058823529411764 0.3861442362294151
0.470954356846473 0.38671209540034074
0.47062888735314445 0.38671209540034074
0.4703038674033149 0.38671209540034074
0.4699792960662526 0.38671209540034074
0.4696551724137931 0.38671209540034074
0.4693314955203308 0.38671209540034074
0.4690082644628099 0.38671209540034074
0.4686854783207158 0.38671209540034074
0.468363136176066 0.38671209540034074
0.46804123711340206 0.38671209540034074
0.4677197802197802 0.38671209540034074
0.4673987645847632 0.38671209540034074
0.4670781893004115 0.38671209540034074
0.46675805346127486 0.38671209540034074
0.46643835616438356 0.38671209540034074
0.4668035592060233 0.38727995457126635
0.466484268125855 0.38727995457126635
0.46616541353383456 0.38727995457126635
0.46584699453551914 0.38727995457126635
0.46552901023890786 0.38727995457126635
0.46521145975443384 0.38727995457126635
0.4655760054533061 0.38784781374219196
0.4652588555858311 0.38784781374219196
0.4649421375085092 0.38784781374219196
0.46462585034013604 0.38784781374219196
0.46498980285520053 0.38841567291311757
0.46467391304347827 0.38841567291311757
0.46435845213849286 0.38841567291311757
0.46404341926729986 0.38841567291311757
0.46372881355932205 0.38841567291311757
0.4634146341463415 0.38841567291311757
0.4631008801624915 0.38841567291311757
0.462787550744249 0.38841567291311757
0.46315077755240025 0.3889835320840432
0.4635135135135135 0.3895513912549688
0.46320054017555706 0.3895513912549688
0.46356275303643724 0.3901192504258944
0.46392447741065407 0.39068710959682
0.4636118598382749 0.39068710959682
0.4632996632996633 0.39068710959682
0.4629878869448183 0.39068710959682
0.46267652992602554 0.39068710959682
0.46236559139784944 0.39068710959682
0.4620550705171256 0.39068710959682
0.46174496644295304 0.39068710959682
0.4614352783366868 0.39068710959682
0.46112600536193027 0.39068710959682
0.4614869390488948 0.3912549687677456
0.46184738955823296 0.39182282793867124
0.46220735785953176 0.39239068710959685
0.46189839572192515 0.39239068710959685
0.46158984635938544 0.39239068710959685
0.4612817089452603 0.39239068710959685
0.4609739826551034 0.39239068710959685
0.46066666666666667 0.39239068710959685
0.4603597601598934 0.39239068710959685
0.4600532623169108 0.39239068710959685
0.4597471723220226 0.39239068710959685
0.45944148936170215 0.39239068710959685
0.4591362126245847 0.39239068710959685
0.4588313413014608 0.39239068710959685
0.45919044459190445 0.3929585462805224
0.4588859416445623 0.3929585462805224
0.4585818422796554 0.3929585462805224
0.45827814569536424 0.3929585462805224
0.45797485109199204 0.3929585462805224
0.4576719576719577 0.3929585462805224
0.4573694646397885 0.3929585462805224
0.4570673712021136 0.3929585462805224
0.45676567656765676 0.3929585462805224
0.45646437994722955 0.3929585462805224
0.45616348055372447 0.3929585462805224
0.45586297760210803 0.3929585462805224
0.45622119815668205 0.393526405451448
0.45592105263157895 0.393526405451448
0.4556213017751479 0.393526405451448
0.45532194480946125 0.393526405451448
0.45502298095863425 0.393526405451448
0.4547244094488189 0.393526405451448
0.4544262295081967 0.393526405451448
0.4541284403669725 0.393526405451448
0.4544859201047806 0.3940942646223736
0.45418848167539266 0.3940942646223736
0.4538914323086985 0.3940942646223736
0.45359477124183006 0.3940942646223736
0.45395166557805355 0.39466212379329924
0.4536553524804178 0.39466212379329924
0.45401174168297453 0.39522998296422485
0.45436766623207303 0.39579784213515046
0.4547231270358306 0.39636570130607607
0.4544270833333333 0.39636570130607607
0.4541314248536109 0.39636570130607607
0.4538361508452536 0.39636570130607607
0.4535412605588044 0.39636570130607607
0.45324675324675323 0.39636570130607607
0.45295262816353016 0.39636570130607607
0.45265888456549935 0.39636570130607607
0.4523655217109527 0.39636570130607607
0.4520725388601036 0.39636570130607607
0.4524271844660194 0.3969335604770017
0.4521345407503234 0.3969335604770017
0.45184227537168714 0.3969335604770017
0.45155038759689925 0.3969335604770017
0.4512588766946417 0.3969335604770017
0.4509677419354839 0.3969335604770017
0.4506769825918762 0.3969335604770017
0.45038659793814434 0.3969335604770017
0.45009658725048296 0.3969335604770017
0.4498069498069498 0.3969335604770017
0.4495176848874598 0.3969335604770017
0.44922879177377895 0.3969335604770017
0.4489402697495183 0.3969335604770017
0.4486521181001284 0.3969335604770017
0.4483643361128929 0.3969335604770017
0.4480769230769231 0.3969335604770017
0.4477898782831518 0.3969335604770017
0.44814340588988477 0.3975014196479273
0.4484964811260397 0.3980692788188529
0.44820971867007675 0.3980692788188529
0.44792332268370605 0.3980692788188529
0.44763729246487866 0.3980692788188529
0.4473516273133376 0.3980692788188529
0.44706632653061223 0.3980692788188529
0.4467813894200127 0.3980692788188529
0.4464968152866242 0.3980692788188529
0.44621260343730107 0.3980692788188529
0.44592875318066155 0.3980692788188529
0.4462809917355372 0.3986371379897785
0.44599745870393903 0.3986371379897785
0.44571428571428573 0.3986371379897785
0.44543147208121825 0.3986371379897785
0.44514901712111604 0.3986371379897785
0.4448669201520912 0.3986371379897785
0.44458518049398354 0.3986371379897785
0.4443037974683544 0.3986371379897785
0.44465528146742567 0.3992049971607041
0.4443742098609355 0.3992049971607041
0.44409349336702464 0.3992049971607041
0.4444444444444444 0.39977285633162973
0.4441640378548896 0.39977285633162973
0.44388398486759145 0.39977285633162973
0.444234404536862 0.40034071550255534
0.4439546599496222 0.40034071550255534
0.4436752674638137 0.40034071550255534
0.44339622641509435 0.40034071550255534
0.44311753614079197 0.40034071550255534
0.4428391959798995 0.40034071550255534
0.4425612052730697 0.40034071550255534
0.44228356336260977 0.40034071550255534
0.44200626959247646 0.40034071550255534
0.4417293233082707 0.40034071550255534
0.44145272385723233 0.40034071550255534
0.4411764705882353 0.40034071550255534
0.44090056285178236 0.40034071550255534
0.440625 0.40034071550255534
0.44097439100562147 0.40090857467348096
0.44069912609238454 0.40090857467348096
0.44042420461634435 0.40090857467348096
0.4401496259351621 0.40090857467348096
0.43987538940809967 0.40090857467348096
0.4396014943960149 0.40090857467348096
0.4393279402613566 0.40090857467348096
0.43905472636815923 0.40090857467348096
0.4387818520820385 0.40090857467348096
0.4391304347826087 0.40147643384440657
0.43947858472998136 0.4020442930153322
0.4392059553349876 0.4020442930153322
0.43955362678239307 0.4026121521862578
0.4392812887236679 0.4026121521862578
0.4390092879256966 0.4026121521862578
0.43873762376237624 0.4026121521862578
0.43846629560915273 0.4026121521862578
0.43819530284301605 0.4026121521862578
0.4379246448424954 0.4026121521862578
0.43765432098765433 0.4026121521862578
0.43738433066008636 0.4026121521862578
0.43711467324291 0.4026121521862578
0.43684534812076403 0.4026121521862578
0.43657635467980294 0.4026121521862578
0.4363076923076923 0.4026121521862578
0.4360393603936039 0.4026121521862578
0.43577135832821146 0.4026121521862578
0.4355036855036855 0.4026121521862578
0.4352363413136894 0.4026121521862578
0.4349693251533742 0.4026121521862578
0.4347026364193746 0.4026121521862578
0.43504901960784315 0.4031800113571834
0.43478260869565216 0.4031800113571834
0.43451652386780903 0.4031800113571834
0.43425076452599387 0.4031800113571834
0.4339853300733496 0.4031800113571834
0.4337202199144777 0.4031800113571834
0.43345543345543347 0.4031800113571834
0.43319097010372176 0.4031800113571834
0.43353658536585366 0.403747870528109
0.43388177940280315 0.4043157296990346
0.4336175395858709 0.4043157296990346
0.43335362142422396 0.4043157296990346
0.43309002433090027 0.4043157296990346
0.43343465045592705 0.40488358886996023
0.43317132442284323 0.40488358886996023
0.4329083181542198 0.40488358886996023
0.43264563106796117 0.40488358886996023
0.4323832625833839 0.40488358886996023
0.43212121212121213 0.40488358886996023
0.4318594791035736 0.40488358886996023
0.4322033898305085 0.40545144804088584
0.4319419237749546 0.40545144804088584
0.4322853688029021 0.40601930721181145
0.43202416918429004 0.40601930721181145
0.43176328502415456 0.40601930721181145
0.4315027157513579 0.40601930721181145
0.4312424607961399 0.40601930721181145
0.43158529234478604 0.40658716638273706
0.4319277108433735 0.4071550255536627
0.4316676700782661 0.4071550255536627
0.4314079422382672 0.4071550255536627
0.4311485267588695 0.4071550255536627
0.4308894230769231 0.4071550255536627
0.4306306306306306 0.4071550255536627
0.43037214885954383 0.4071550255536627
0.4301139772045591 0.4071550255536627
0.42985611510791366 0.4071550255536627
0.42959856201318153 0.4071550255536627
0.429940119760479 0.4077228847245883
0.4296828246558947 0.4077228847245883
0.42942583732057416 0.4077228847245883
0.42976688583383144 0.4082907438955139
0.4295101553166069 0.4082907438955139
0.4298507462686567 0.4088586030664395
0.4301909307875895 0.4094264622373651
0.42993440667859273 0.4094264622373651
0.4302741358760429 0.40999432140829073
0.43001786777843953 0.40999432140829073
0.4297619047619048 0.40999432140829073
0.42950624628197503 0.40999432140829073
0.4292508917954816 0.40999432140829073
0.42899584076054664 0.40999432140829073
0.42874109263657956 0.40999432140829073
0.428486646884273 0.40999432140829073
0.42823250296559906 0.40999432140829073
0.42797866034380555 0.40999432140829073
0.4277251184834123 0.40999432140829073
0.4274718768502072 0.40999432140829073
0.4272189349112426 0.40999432140829073
0.42696629213483145 0.40999432140829073
0.42671394799054374 0.40999432140829073
0.4264619019492026 0.40999432140829073
0.42621015348288077 0.40999432140829073
0.4259587020648968 0.40999432140829073
0.4257075471698113 0.40999432140829073
0.4254566882734237 0.40999432140829073
0.42579505300353354 0.41056218057921634
0.4255444379046498 0.41056218057921634
0.4252941176470588 0.41056218057921634
0.42563198118753676 0.41113003975014195
0.42538190364277323 0.41113003975014195
0.4251321197886083 0.41113003975014195
0.4254694835680751 0.41169789892106756
0.4258064516129032 0.4122657580919932
0.42555685814771393 0.4122657580919932
0.4253075571177504 0.4122657580919932
0.42505854800936765 0.4122657580919932
0.42480983031012287 0.4122657580919932
0.4245614035087719 0.4122657580919932
0.4243132670952659 0.4122657580919932
0.4246495327102804 0.4128336172629188
0.4244016345592528 0.4128336172629188
0.4241540256709452 0.4128336172629188
0.4239067055393586 0.4128336172629188
0.42365967365967366 0.4128336172629188
0.42341292952824694 0.4128336172629188
0.4231664726426077 0.4128336172629188
0.4235020360674811 0.4134014764338444
0.4232558139534884 0.4134014764338444
0.42300987797791983 0.4134014764338444
0.42334494773519166 0.41396933560477
0.4236796285548462 0.4145371947756956
0.4234338747099768 0.4145371947756956
0.42318840579710143 0.4145371947756956
0.4235225955967555 0.4151050539466212
0.4232773595830921 0.4151050539466212
0.4230324074074074 0.4151050539466212
0.42278773857721225 0.4151050539466212
0.423121387283237 0.41567291311754684
0.42287694974003465 0.41567291311754684
0.4226327944572748 0.41567291311754684
0.4229659549913445 0.41624077228847245
0.4232987312572088 0.41680863145939806
0.42305475504322765 0.41680863145939806
0.4228110599078341 0.41680863145939806
0.4231433506044905 0.41737649063032367
0.42289988492520136 0.41737649063032367
0.4226566992524439 0.41737649063032367
0.4224137931034483 0.41737649063032367
0.4221711659965537 0.41737649063032367
0.4225028702640643 0.4179443498012493
0.42226047045324155 0.4179443498012493
0.42201834862385323 0.4179443498012493
0.42234957020057307 0.4185122089721749
0.42210767468499427 0.4185122089721749
0.4224384659416142 0.4190800681431005
0.42219679633867274 0.4190800681431005
0.4219554030874786 0.4190800681431005
0.4217142857142857 0.4190800681431005
0.4214734437464306 0.4190800681431005
0.4212328767123288 0.4190800681431005
0.42156303479749 0.4196479273140261
0.42132269099201825 0.4196479273140261
0.42108262108262107 0.4196479273140261
0.4214123006833713 0.4202157864849517
0.421172453044963 0.4202157864849517
0.42093287827076226 0.4202157864849517
0.4212620807276862 0.42078364565587734
0.42102272727272727 0.42078364565587734
0.42078364565587734 0.42078364565587734
0.4211123723041998 0.42135150482680295
0.420873511060692 0.42135150482680295
0.4212018140589569 0.42191936399772856
0.4209631728045326 0.42191936399772856
0.42072480181200456 0.42191936399772856
0.4204867006225241 0.42191936399772856
0.42024886877828055 0.42191936399772856
0.42001130582249857 0.42191936399772856
0.41977401129943503 0.42191936399772856
0.41953698475437606 0.42191936399772856
0.4193002257336343 0.42191936399772856
0.419063733784546 0.42191936399772856
0.41882750845546785 0.42191936399772856
0.4191549295774648 0.42248722316865417
0.4189189189189189 0.42248722316865417
0.41868317388857623 0.42248722316865417
0.4184476940382452 0.42248722316865417
0.41877459246767845 0.4230550823395798
0.41853932584269665 0.4230550823395798
0.41830432341381246 0.4230550823395798
0.4180695847362514 0.4230550823395798
0.4178351093662367 0.4230550823395798
0.41760089686098656 0.4230550823395798
0.4173669467787115 0.4230550823395798
0.4171332586786114 0.4230550823395798
0.41689983212087295 0.4230550823395798
0.4166666666666667 0.4230550823395798
0.4169927333705981 0.4236229415105054
0.41675977653631285 0.4236229415105054
0.4165270798436628 0.4236229415105054
0.41629464285714285 0.4236229415105054
0.4166201896263246 0.424190800681431
0.41638795986622074 0.424190800681431
0.4161559888579387 0.424190800681431
0.41592427616926503 0.424190800681431
0.41624930439621594 0.4247586598523566
0.41601779755283647 0.4247586598523566
0.41578654808226795 0.4247586598523566
0.41555555555555557 0.4247586598523566
0.4153248195446974 0.4247586598523566
0.41509433962264153 0.4247586598523566
0.41486411536328344 0.4247586598523566
0.4146341463414634 0.4247586598523566
0.41440443213296396 0.4247586598523566
0.4141749723145072 0.4247586598523566
0.4139457664637521 0.4247586598523566
0.413716814159292 0.4247586598523566
0.4134881149806523 0.4247586598523566
0.41325966850828727 0.4247586598523566
0.413583655438984 0.4253265190232822
0.413355408388521 0.4253265190232822
0.4136789851075565 0.42589437819420783
0.41345093715545755 0.42589437819420783
0.4132231404958678 0.42589437819420783
0.4129955947136564 0.42589437819420783
0.4127682993946065 0.42589437819420783
0.41254125412541254 0.42589437819420783
0.41231445849367787 0.42589437819420783
0.41208791208791207 0.42589437819420783
0.41186161449752884 0.42589437819420783
0.411635565312843 0.42589437819420783
0.4114097641250686 0.42589437819420783
0.41118421052631576 0.42589437819420783
0.410958904109589 0.42589437819420783
0.41073384446878425 0.42589437819420783
0.41050903119868637 0.42589437819420783
0.4102844638949672 0.42589437819420783
0.4100601421541826 0.42589437819420783
0.4098360655737705 0.42589437819420783
0.4096122337520481 0.42589437819420783
0.4093886462882096 0.42589437819420783
0.40916530278232405 0.42589437819420783
0.4089422028353326 0.42589437819420783
0.4092643051771117 0.42646223736513345
0.409041394335512 0.42646223736513345
0.4088187261839956 0.42646223736513345
0.4085963003264418 0.42646223736513345
0.4083741163675911 0.42646223736513345
0.4081521739130435 0.42646223736513345
0.40793047256925585 0.42646223736513345
0.40770901194353965 0.42646223736513345
0.40748779164405863 0.42646223736513345
0.40726681127982645 0.42646223736513345
0.4070460704607046 0.42646223736513345
0.4068255687973998 0.42646223736513345
0.4071467244179751 0.42703009653605906
0.4069264069264069 0.42703009653605906
0.40670632774472687 0.42703009653605906
0.4064864864864865 0.42703009653605906
0.406807131280389 0.42759795570698467
0.4065874730021598 0.42759795570698467
0.4063680518078791 0.42759795570698467
0.40614886731391586 0.42759795570698467
0.4059299191374663 0.42759795570698467
0.4057112068965517 0.42759795570698467
0.40549273021001614 0.42759795570698467
0.4052744886975242 0.42759795570698467
0.4050564819795589 0.42759795570698467
0.4053763440860215 0.4281658148779103
0.40515851692638366 0.4281658148779103
0.40494092373791624 0.4281658148779103
0.404723564143854 0.4281658148779103
0.40450643776824036 0.4281658148779103
0.40428954423592495 0.4281658148779103
0.4040728831725616 0.4281658148779103
0.4038564542046063 0.4281658148779103
0.40364025695931477 0.4281658148779103
0.4034242910647405 0.4281658148779103
0.4032085561497326 0.4281658148779103
0.40299305184393375 0.4281658148779103
0.4027777777777778 0.4281658148779103
0.402562733582488 0.4281658148779103
0.4023479188900747 0.4281658148779103
0.40213333333333334 0.4281658148779103
0.40191897654584224 0.4281658148779103
0.40223761321257323 0.4287336740488359
0.4020234291799787 0.4287336740488359
0.4018094731240021 0.4287336740488359
0.4015957446808511 0.4287336740488359
0.4013822434875066 0.4287336740488359
0.40116896918172157 0.4287336740488359
0.4009559214020181 0.4287336740488359
0.4012738853503185 0.4293015332197615
0.40106100795755967 0.4293015332197615
0.40084835630965004 0.4293015332197615
0.40063593004769477 0.4293015332197615
0.4004237288135593 0.4293015332197615
0.40021175224986766 0.4293015332197615
0.4 0.4293015332197615
0.39978847170809095 0.4293015332197615
0.39957716701902746 0.4293015332197615
0.3993660855784469 0.4293015332197615
0.3991552270327349 0.4293015332197615
0.39947229551451185 0.4298693923906871
0.3992616033755274 0.4298693923906871
0.3995782814971007 0.4304372515616127
0.3993677555321391 0.4304372515616127
0.39915745129015273 0.4304372515616127
0.3989473684210526 0.4304372515616127
0.39873750657548657 0.4304372515616127
0.39852786540483703 0.4304372515616127
0.3983184445612191 0.4304372515616127
0.39810924369747897 0.4304372515616127
0.3984251968503937 0.43100511073253833
0.3982161594963274 0.43100511073253833
0.39800734137388566 0.43100511073253833
0.3977987421383648 0.43100511073253833
0.39759036144578314 0.43100511073253833
0.3973821989528796 0.43100511073253833
0.39717425431711145 0.43100511073253833
0.3969665271966527 0.43100511073253833
0.39675901725039203 0.43100511073253833
0.39707419017763845 0.43157296990346394
0.3968668407310705 0.43157296990346394
0.3966597077244259 0.43157296990346394
0.396452790818988 0.43157296990346394
0.3962460896767466 0.43157296990346394
0.39603960396039606 0.43157296990346394
0.3958333333333333 0.43157296990346394
0.3956272774596564 0.43157296990346394
0.39542143600416235 0.43157296990346394
0.3952158086323453 0.43157296990346394
0.39501039501039503 0.43157296990346394
0.3953246753246753 0.43214082907438955
0.39511941848390447 0.43214082907438955
0.39491437467566165 0.43214082907438955
0.3947095435684647 0.43214082907438955
0.39450492483151894 0.43214082907438955
0.394300518134715 0.43214082907438955
0.39409632314862764 0.43214082907438955
0.39389233954451347 0.43214082907438955
0.3936885669943094 0.43214082907438955
0.39348500517063084 0.43214082907438955
0.39328165374677004 0.43214082907438955
0.39359504132231404 0.43270868824531517
0.39339184305627256 0.43270868824531517
0.3937048503611971 0.4332765474162408
0.3935018050541516 0.4332765474162408
0.39329896907216494 0.4332765474162408
0.3930963420917053 0.4332765474162408
0.3928939237899073 0.4332765474162408
0.393206381883685 0.4338444065871664
0.39351851851851855 0.434412265758092
0.39383033419023133 0.4349801249290176
0.3936279547790339 0.4349801249290176
0.39342578325629174 0.4349801249290176
0.39373716632443534 0.4355479840999432
0.3935351462288353 0.4355479840999432
0.3933333333333333 0.4355479840999432
0.39313172731932344 0.4355479840999432
0.39293032786885246 0.4355479840999432
0.39272913466461856 0.4355479840999432
0.3925281473899693 0.4355479840999432
0.39232736572890026 0.4355479840999432
0.39212678936605316 0.4355479840999432
0.39192641798671435 0.4355479840999432
0.3917262512768131 0.4355479840999432
0.39152628892291985 0.4355479840999432
0.39132653061224487 0.4355479840999432
0.3911269760326364 0.4355479840999432
0.390927624872579 0.4355479840999432
0.39072847682119205 0.4355479840999432
0.3905295315682281 0.4355479840999432
0.39033078880407124 0.4355479840999432
0.3901322482197355 0.4355479840999432
0.38993390950686324 0.4355479840999432
0.38973577235772355 0.4355479840999432
0.3895378364652108 0.4355479840999432
0.38934010152284265 0.4355479840999432
0.389142567224759 0.4355479840999432
0.38894523326572006 0.4355479840999432
0.38874809934110494 0.4355479840999432
0.38855116514690985 0.4355479840999432
0.3883544303797468 0.4355479840999432
0.3881578947368421 0.4355479840999432
0.38796155791603437 0.4355479840999432
0.3877654196157735 0.4355479840999432
0.3875694795351187 0.4355479840999432
0.38737373737373737 0.4355479840999432
0.3871781928319031 0.4355479840999432
0.38698284561049445 0.4355479840999432
0.38678769541099345 0.4355479840999432
0.3865927419354839 0.4355479840999432
0.3863979848866499 0.4355479840999432
