1.0 0.0
1.0 0.0005678591709256105
1.0 0.001135718341851221
0.6666666666666666 0.001135718341851221
0.75 0.0017035775127768314
0.6 0.0017035775127768314
0.6666666666666666 0.002271436683702442
0.7142857142857143 0.0028392958546280523
0.75 0.0034071550255536627
0.7777777777777778 0.003975014196479273
0.8 0.004542873367404884
0.8181818181818182 0.005110732538330494
0.8333333333333334 0.0056785917092561046
0.8461538461538461 0.006246450880181715
0.8571428571428571 0.0068143100511073255
0.8666666666666667 0.0073821692220329355
0.875 0.007950028392958546
0.8235294117647058 0.007950028392958546
0.8333333333333334 0.008517887563884156
0.8421052631578947 0.009085746734809767
0.85 0.009653605905735378
0.8571428571428571 0.010221465076660987
0.8636363636363636 0.010789324247586598
0.8695652173913043 0.011357183418512209
0.8333333333333334 0.011357183418512209
0.84 0.01192504258943782
0.8076923076923077 0.01192504258943782
0.8148148148148148 0.01249290176036343
0.8214285714285714 0.01306076093128904
0.8275862068965517 0.013628620102214651
0.8 0.013628620102214651
0.8064516129032258 0.014196479273140262
0.8125 0.014764338444065871
0.8181818181818182 0.015332197614991482
0.8235294117647058 0.01590005678591709
0.8285714285714286 0.016467915956842702
0.8333333333333334 0.017035775127768313
0.8378378378378378 0.017603634298693924
0.8421052631578947 0.018171493469619535
0.8461538461538461 0.018739352640545145
0.85 0.019307211811470756
0.8536585365853658 0.019875070982396367
0.8571428571428571 0.020442930153321975
0.8372093023255814 0.020442930153321975
0.8409090909090909 0.021010789324247586
0.8444444444444444 0.021578648495173196
0.8478260869565217 0.022146507666098807
0.851063829787234 0.022714366837024418
0.8333333333333334 0.022714366837024418
0.8163265306122449 0.022714366837024418
0.82 0.02328222600795003
0.803921568627451 0.02328222600795003
0.8076923076923077 0.02385008517887564
0.8113207547169812 0.02441794434980125
0.8148148148148148 0.02498580352072686
0.8181818181818182 0.02555366269165247
0.8214285714285714 0.02612152186257808
0.8070175438596491 0.02612152186257808
0.8103448275862069 0.02668938103350369
0.8135593220338984 0.027257240204429302
0.8 0.027257240204429302
0.8032786885245902 0.027825099375354913
0.8064516129032258 0.028392958546280524
0.7936507936507936 0.028392958546280524
0.796875 0.028960817717206135
0.8 0.029528676888131742
0.803030303030303 0.030096536059057353
0.7910447761194029 0.030096536059057353
0.7941176470588235 0.030664395229982964
0.7971014492753623 0.031232254400908575
0.7857142857142857 0.031232254400908575
0.7746478873239436 0.031232254400908575
0.7777777777777778 0.03180011357183418
0.7808219178082192 0.03236797274275979
0.7837837837837838 0.032935831913685404
0.7866666666666666 0.033503691084611015
0.7894736842105263 0.034071550255536626
0.7922077922077922 0.034639409426462237
0.782051282051282 0.034639409426462237
0.7848101265822784 0.03520726859738785
0.7875 0.03577512776831346
0.7777777777777778 0.03577512776831346
0.7682926829268293 0.03577512776831346
0.7710843373493976 0.03634298693923907
0.7619047619047619 0.03634298693923907
0.7647058823529411 0.03691084611016468
0.7674418604651163 0.03747870528109029
0.7701149425287356 0.0380465644520159
0.7727272727272727 0.03861442362294151
0.7640449438202247 0.03861442362294151
0.7666666666666667 0.039182282793867124
0.7692307692307693 0.039750141964792735
0.7717391304347826 0.04031800113571834
0.7741935483870968 0.04088586030664395
0.776595744680851 0.04145371947756956
0.7789473684210526 0.04202157864849517
0.78125 0.04258943781942078
0.7835051546391752 0.04315729699034639
0.7857142857142857 0.043725156161272004
0.7878787878787878 0.044293015332197615
0.79 0.044860874503123226
0.7821782178217822 0.044860874503123226
0.7843137254901961 0.045428733674048836
0.7864077669902912 0.04599659284497445
0.7884615384615384 0.04656445201590006
0.780952380952381 0.04656445201590006
0.7830188679245284 0.04713231118682567
0.7850467289719626 0.04770017035775128
0.7870370370370371 0.04826802952867689
0.7889908256880734 0.0488358886996025
0.7909090909090909 0.049403747870528106
0.7927927927927928 0.04997160704145372
0.7946428571428571 0.05053946621237933
0.7964601769911505 0.05110732538330494
0.7982456140350878 0.05167518455423055
0.8 0.05224304372515616
0.8017241379310345 0.05281090289608177
0.7948717948717948 0.05281090289608177
0.7966101694915254 0.05337876206700738
0.7983193277310925 0.05394662123793299
0.8 0.054514480408858604
0.7933884297520661 0.054514480408858604
0.7950819672131147 0.055082339579784215
0.7967479674796748 0.055650198750709826
0.7983870967741935 0.056218057921635436
0.8 0.05678591709256105
0.8015873015873016 0.05735377626348666
0.8031496062992126 0.05792163543441227
0.8046875 0.05848949460533787
0.8062015503875969 0.059057353776263484
0.8076923076923077 0.059625212947189095
0.8091603053435115 0.060193072118114706
0.803030303030303 0.060193072118114706
0.8045112781954887 0.06076093128904032
0.8059701492537313 0.06132879045996593
0.8074074074074075 0.06189664963089154
0.8088235294117647 0.06246450880181715
0.8102189781021898 0.06303236797274275
0.8115942028985508 0.06360022714366836
0.8129496402877698 0.06416808631459398
0.8142857142857143 0.06473594548551959
0.8156028368794326 0.0653038046564452
0.8169014084507042 0.06587166382737081
0.8181818181818182 0.06643952299829642
0.8125 0.06643952299829642
0.8137931034482758 0.06700738216922203
0.815068493150685 0.06757524134014764
0.8163265306122449 0.06814310051107325
0.8108108108108109 0.06814310051107325
0.8053691275167785 0.06814310051107325
0.8066666666666666 0.06871095968199886
0.8079470198675497 0.06927881885292447
0.8092105263157895 0.06984667802385008
0.803921568627451 0.06984667802385008
0.8051948051948052 0.0704145371947757
0.8 0.0704145371947757
0.8012820512820513 0.0709823963657013
0.7961783439490446 0.0709823963657013
0.7911392405063291 0.0709823963657013
0.7924528301886793 0.07155025553662692
0.7875 0.07155025553662692
0.782608695652174 0.07155025553662692
0.7839506172839507 0.07211811470755253
0.7852760736196319 0.07268597387847814
0.7865853658536586 0.07325383304940375
0.7818181818181819 0.07325383304940375
0.7771084337349398 0.07325383304940375
0.7784431137724551 0.07382169222032936
0.7738095238095238 0.07382169222032936
0.7692307692307693 0.07382169222032936
0.7705882352941177 0.07438955139125497
0.7719298245614035 0.07495741056218058
0.7732558139534884 0.07552526973310619
0.7687861271676301 0.07552526973310619
0.7701149425287356 0.0760931289040318
0.7714285714285715 0.07666098807495741
0.7727272727272727 0.07722884724588303
0.7740112994350282 0.07779670641680864
0.7752808988764045 0.07836456558773425
0.770949720670391 0.07836456558773425
0.7722222222222223 0.07893242475865986
0.7679558011049724 0.07893242475865986
0.7692307692307693 0.07950028392958547
0.7704918032786885 0.08006814310051108
0.7663043478260869 0.08006814310051108
0.7675675675675676 0.08063600227143668
0.7688172043010753 0.08120386144236229
0.7700534759358288 0.0817717206132879
0.7712765957446809 0.08233957978421351
0.7724867724867724 0.08290743895513912
0.7736842105263158 0.08347529812606473
0.774869109947644 0.08404315729699034
0.7760416666666666 0.08461101646791595
0.7772020725388601 0.08517887563884156
0.7783505154639175 0.08574673480976717
0.7794871794871795 0.08631459398069279
0.7755102040816326 0.08631459398069279
0.7715736040609137 0.08631459398069279
0.7676767676767676 0.08631459398069279
0.7688442211055276 0.0868824531516184
0.77 0.08745031232254401
0.7711442786069652 0.08801817149346962
0.7722772277227723 0.08858603066439523
0.7733990147783252 0.08915388983532084
0.7696078431372549 0.08915388983532084
0.7658536585365854 0.08915388983532084
0.7621359223300971 0.08915388983532084
0.7632850241545893 0.08972174900624645
0.7644230769230769 0.09028960817717206
0.7607655502392344 0.09028960817717206
0.7619047619047619 0.09085746734809767
0.7582938388625592 0.09085746734809767
0.7594339622641509 0.09142532651902328
0.7605633802816901 0.0919931856899489
0.7570093457943925 0.0919931856899489
0.7534883720930232 0.0919931856899489
0.7546296296296297 0.0925610448608745
0.7557603686635944 0.09312890403180012
0.7522935779816514 0.09312890403180012
0.7488584474885844 0.09312890403180012
0.7454545454545455 0.09312890403180012
0.746606334841629 0.09369676320272573
0.7477477477477478 0.09426462237365134
0.7488789237668162 0.09483248154457695
0.7455357142857143 0.09483248154457695
0.7422222222222222 0.09483248154457695
0.7433628318584071 0.09540034071550256
0.7444933920704846 0.09596819988642817
0.7412280701754386 0.09596819988642817
0.74235807860262 0.09653605905735378
0.7434782608695653 0.09710391822827939
0.7445887445887446 0.097671777399205
0.7456896551724138 0.0982396365701306
0.7467811158798283 0.09880749574105621
0.7435897435897436 0.09880749574105621
0.7446808510638298 0.09937535491198182
0.7457627118644068 0.09994321408290743
0.7426160337552743 0.09994321408290743
0.7436974789915967 0.10051107325383304
0.7405857740585774 0.10051107325383304
0.7375 0.10051107325383304
0.7344398340248963 0.10051107325383304
0.7355371900826446 0.10107893242475866
0.7366255144032922 0.10164679159568427
0.7377049180327869 0.10221465076660988
0.7387755102040816 0.10278250993753549
0.7398373983739838 0.1033503691084611
0.7368421052631579 0.1033503691084611
0.7379032258064516 0.10391822827938671
0.7349397590361446 0.10391822827938671
0.736 0.10448608745031232
0.7370517928286853 0.10505394662123793
0.7380952380952381 0.10562180579216354
0.7391304347826086 0.10618966496308915
0.7362204724409449 0.10618966496308915
0.7333333333333333 0.10618966496308915
0.734375 0.10675752413401476
0.7315175097276264 0.10675752413401476
0.7325581395348837 0.10732538330494037
0.7335907335907336 0.10789324247586599
0.7307692307692307 0.10789324247586599
0.7318007662835249 0.1084611016467916
0.7290076335877863 0.1084611016467916
0.7300380228136882 0.10902896081771721
0.7310606060606061 0.10959681998864282
0.7320754716981132 0.11016467915956843
0.7330827067669173 0.11073253833049404
0.7340823970037453 0.11130039750141965
0.7313432835820896 0.11130039750141965
0.7286245353159851 0.11130039750141965
0.725925925925926 0.11130039750141965
0.7269372693726938 0.11186825667234526
0.7279411764705882 0.11243611584327087
0.7252747252747253 0.11243611584327087
0.7262773722627737 0.11300397501419648
0.7236363636363636 0.11300397501419648
0.7210144927536232 0.11300397501419648
0.7184115523465704 0.11300397501419648
0.7158273381294964 0.11300397501419648
0.7168458781362007 0.1135718341851221
0.7142857142857143 0.1135718341851221
0.7153024911032029 0.1141396933560477
0.7127659574468085 0.1141396933560477
0.7137809187279152 0.11470755252697332
0.7112676056338029 0.11470755252697332
0.7087719298245614 0.11470755252697332
0.7062937062937062 0.11470755252697332
0.7038327526132404 0.11470755252697332
0.7013888888888888 0.11470755252697332
0.7024221453287197 0.11527541169789893
0.7 0.11527541169789893
0.7010309278350515 0.11584327086882454
0.702054794520548 0.11641113003975014
0.7030716723549488 0.11697898921067575
0.7040816326530612 0.11754684838160136
0.7016949152542373 0.11754684838160136
0.7027027027027027 0.11811470755252697
0.7037037037037037 0.11868256672345258
0.7046979865771812 0.11925042589437819
0.7023411371237458 0.11925042589437819
0.7 0.11925042589437819
0.7009966777408638 0.1198182850653038
0.7019867549668874 0.12038614423622941
0.6996699669966997 0.12038614423622941
0.7006578947368421 0.12095400340715502
0.6983606557377049 0.12095400340715502
0.696078431372549 0.12095400340715502
0.6970684039087948 0.12152186257808063
0.6948051948051948 0.12152186257808063
0.6957928802588996 0.12208972174900624
0.6967741935483871 0.12265758091993186
0.6945337620578779 0.12265758091993186
0.6923076923076923 0.12265758091993186
0.6900958466453674 0.12265758091993186
0.6878980891719745 0.12265758091993186
0.6888888888888889 0.12322544009085747
0.689873417721519 0.12379329926178308
0.6876971608832808 0.12379329926178308
0.6886792452830188 0.12436115843270869
0.6865203761755486 0.12436115843270869
0.6875 0.1249290176036343
0.6884735202492211 0.1254968767745599
0.6894409937888198 0.1260647359454855
0.6904024767801857 0.12663259511641112
0.691358024691358 0.12720045428733673
0.6892307692307692 0.12720045428733673
0.6871165644171779 0.12720045428733673
0.6850152905198776 0.12720045428733673
0.6859756097560976 0.12776831345826234
0.6838905775075987 0.12776831345826234
0.6848484848484848 0.12833617262918795
0.6858006042296072 0.12890403180011356
0.6867469879518072 0.12947189097103917
0.6876876876876877 0.13003975014196478
0.6856287425149701 0.13003975014196478
0.6865671641791045 0.1306076093128904
0.6845238095238095 0.1306076093128904
0.685459940652819 0.131175468483816
0.6863905325443787 0.13174332765474162
0.6873156342182891 0.13231118682566723
0.6882352941176471 0.13287904599659284
0.6891495601173021 0.13344690516751845
0.6900584795321637 0.13401476433844406
0.6880466472303207 0.13401476433844406
0.688953488372093 0.13458262350936967
0.6898550724637681 0.13515048268029528
0.6907514450867052 0.1357183418512209
0.6887608069164265 0.1357183418512209
0.6896551724137931 0.1362862010221465
0.6876790830945558 0.1362862010221465
0.6885714285714286 0.1368540601930721
0.6894586894586895 0.13742191936399772
0.6875 0.13742191936399772
0.6883852691218131 0.13798977853492334
0.6892655367231638 0.13855763770584895
0.6873239436619718 0.13855763770584895
0.6853932584269663 0.13855763770584895
0.6834733893557423 0.13855763770584895
0.6843575418994413 0.13912549687677456
0.6852367688022284 0.13969335604770017
0.6833333333333333 0.13969335604770017
0.6814404432132964 0.13969335604770017
0.6795580110497238 0.13969335604770017
0.6776859504132231 0.13969335604770017
0.6758241758241759 0.13969335604770017
0.6767123287671233 0.14026121521862578
0.674863387978142 0.14026121521862578
0.6757493188010899 0.1408290743895514
0.6766304347826086 0.141396933560477
0.6747967479674797 0.141396933560477
0.6756756756756757 0.1419647927314026
0.6765498652291105 0.14253265190232822
0.6774193548387096 0.14310051107325383
0.67828418230563 0.14366837024417944
0.679144385026738 0.14423622941510506
0.6773333333333333 0.14423622941510506
0.6781914893617021 0.14480408858603067
0.6790450928381963 0.14537194775695628
0.6798941798941799 0.1459398069278819
0.6807387862796834 0.1465076660988075
0.6789473684210526 0.1465076660988075
0.6797900262467191 0.1470755252697331
0.6780104712041884 0.1470755252697331
0.6788511749347258 0.14764338444065872
0.6770833333333334 0.14764338444065872
0.6779220779220779 0.14821124361158433
0.6787564766839378 0.14877910278250994
0.6795865633074936 0.14934696195343555
0.6804123711340206 0.14991482112436116
0.6812339331619537 0.15048268029528677
0.6820512820512821 0.15105053946621239
0.680306905370844 0.15105053946621239
0.6785714285714286 0.15105053946621239
0.6793893129770993 0.151618398637138
0.6776649746192893 0.151618398637138
0.6759493670886076 0.151618398637138
0.6767676767676768 0.1521862578080636
0.6775818639798489 0.15275411697898922
0.6758793969849246 0.15275411697898922
0.6741854636591479 0.15275411697898922
0.675 0.15332197614991483
0.6758104738154613 0.15388983532084044
0.6741293532338308 0.15388983532084044
0.674937965260546 0.15445769449176605
0.6732673267326733 0.15445769449176605
0.674074074074074 0.15502555366269166
0.6748768472906403 0.15559341283361727
0.6756756756756757 0.15616127200454288
0.6764705882352942 0.1567291311754685
0.6748166259168704 0.1567291311754685
0.675609756097561 0.1572969903463941
0.6739659367396593 0.1572969903463941
0.6747572815533981 0.15786484951731972
0.6755447941888619 0.15843270868824533
0.6763285024154589 0.15900056785917094
0.6746987951807228 0.15900056785917094
0.6754807692307693 0.15956842703009655
0.6738609112709832 0.15956842703009655
0.6746411483253588 0.16013628620102216
0.6730310262529833 0.16013628620102216
0.6714285714285714 0.16013628620102216
0.669833729216152 0.16013628620102216
0.6682464454976303 0.16013628620102216
0.6666666666666666 0.16013628620102216
0.6674528301886793 0.16070414537194777
0.668235294117647 0.16127200454287335
0.6666666666666666 0.16127200454287335
0.6651053864168618 0.16127200454287335
0.6635514018691588 0.16127200454287335
0.662004662004662 0.16127200454287335
0.6627906976744186 0.16183986371379896
0.6612529002320185 0.16183986371379896
0.6597222222222222 0.16183986371379896
0.6605080831408776 0.16240772288472458
0.6612903225806451 0.1629755820556502
0.6620689655172414 0.1635434412265758
0.6628440366972477 0.1641113003975014
0.6636155606407322 0.16467915956842702
0.6643835616438356 0.16524701873935263
0.6651480637813212 0.16581487791027824
0.6636363636363637 0.16581487791027824
0.6621315192743764 0.16581487791027824
0.6628959276018099 0.16638273708120385
0.6636568848758465 0.16695059625212946
0.6621621621621622 0.16695059625212946
0.6606741573033708 0.16695059625212946
0.6614349775784754 0.16751845542305507
0.6599552572706935 0.16751845542305507
0.6584821428571429 0.16751845542305507
0.6570155902004454 0.16751845542305507
0.6577777777777778 0.16808631459398068
0.656319290465632 0.16808631459398068
0.6570796460176991 0.1686541737649063
0.6578366445916115 0.1692220329358319
0.6563876651982379 0.1692220329358319
0.654945054945055 0.1692220329358319
0.6557017543859649 0.16978989210675752
0.6564551422319475 0.17035775127768313
0.6550218340611353 0.17035775127768313
0.6557734204793029 0.17092561044860874
0.6543478260869565 0.17092561044860874
0.6529284164859002 0.17092561044860874
0.6515151515151515 0.17092561044860874
0.652267818574514 0.17149346961953435
0.6508620689655172 0.17149346961953435
0.6516129032258065 0.17206132879045996
0.6523605150214592 0.17262918796138557
0.6509635974304069 0.17262918796138557
0.6495726495726496 0.17262918796138557
0.650319829424307 0.17319704713231118
0.6510638297872341 0.1737649063032368
0.6496815286624203 0.1737649063032368
0.6504237288135594 0.1743327654741624
0.6511627906976745 0.17490062464508802
0.6497890295358649 0.17490062464508802
0.6484210526315789 0.17490062464508802
0.6491596638655462 0.17546848381601363
0.6477987421383647 0.17546848381601363
0.6464435146443515 0.17546848381601363
0.6471816283924844 0.17603634298693924
0.6479166666666667 0.17660420215786485
0.6486486486486487 0.17717206132879046
0.6493775933609959 0.17773992049971607
0.6480331262939959 0.17773992049971607
0.6487603305785123 0.17830777967064168
0.6474226804123712 0.17830777967064168
0.6460905349794238 0.17830777967064168
0.6447638603696099 0.17830777967064168
0.6434426229508197 0.17830777967064168
0.6421267893660532 0.17830777967064168
0.6428571428571429 0.1788756388415673
0.6415478615071283 0.1788756388415673
0.6422764227642277 0.1794434980124929
0.6430020283975659 0.1800113571834185
0.6417004048582996 0.1800113571834185
0.6424242424242425 0.18057921635434412
0.6431451612903226 0.18114707552526974
0.641851106639839 0.18114707552526974
0.6405622489959839 0.18114707552526974
0.6392785571142284 0.18114707552526974
0.64 0.18171493469619535
0.6407185628742516 0.18228279386712096
0.6394422310756972 0.18228279386712096
0.6401590457256461 0.18285065303804657
0.6408730158730159 0.18341851220897218
0.6396039603960396 0.18341851220897218
0.6403162055335968 0.1839863713798978
0.6390532544378699 0.1839863713798978
0.639763779527559 0.1845542305508234
0.6404715127701375 0.185122089721749
0.6392156862745098 0.185122089721749
0.6379647749510763 0.185122089721749
0.63671875 0.185122089721749
0.6374269005847953 0.18568994889267462
0.6381322957198443 0.18625780806360023
0.6388349514563106 0.18682566723452584
0.6375968992248062 0.18682566723452584
0.6382978723404256 0.18739352640545145
0.637065637065637 0.18739352640545145
0.6377649325626205 0.18796138557637707
0.6365384615384615 0.18796138557637707
0.6372360844529751 0.18852924474730268
0.6360153256704981 0.18852924474730268
0.6367112810707457 0.1890971039182283
0.6354961832061069 0.1890971039182283
0.6342857142857142 0.1890971039182283
0.6349809885931559 0.1896649630891539
0.635673624288425 0.1902328222600795
0.6363636363636364 0.19080068143100512
0.6370510396975425 0.19136854060193073
0.6377358490566037 0.19193639977285634
0.6365348399246704 0.19193639977285634
0.6353383458646616 0.19193639977285634
0.6341463414634146 0.19193639977285634
0.6329588014981273 0.19193639977285634
0.6336448598130842 0.19250425894378195
0.6324626865671642 0.19250425894378195
0.633147113594041 0.19307211811470756
0.6319702602230484 0.19307211811470756
0.6326530612244898 0.19363997728563317
0.6314814814814815 0.19363997728563317
0.6321626617375231 0.19420783645655879
0.6328413284132841 0.1947756956274844
0.6316758747697975 0.1947756956274844
0.6305147058823529 0.1947756956274844
0.6293577981651376 0.1947756956274844
0.6282051282051282 0.1947756956274844
0.6270566727605119 0.1947756956274844
0.6277372262773723 0.19534355479841
0.6265938069216758 0.19534355479841
0.6254545454545455 0.19534355479841
0.6243194192377496 0.19534355479841
0.6231884057971014 0.19534355479841
0.6220614828209765 0.19534355479841
0.6227436823104693 0.19591141396933562
0.6234234234234234 0.1964792731402612
0.6241007194244604 0.1970471323111868
0.6247755834829444 0.19761499148211242
0.6236559139784946 0.19761499148211242
0.6225402504472272 0.19761499148211242
0.6232142857142857 0.19818285065303803
0.6221033868092691 0.19818285065303803
0.6227758007117438 0.19875070982396364
0.6216696269982238 0.19875070982396364
0.6223404255319149 0.19931856899488926
0.6212389380530974 0.19931856899488926
0.6201413427561837 0.19931856899488926
0.6190476190476191 0.19931856899488926
0.6197183098591549 0.19988642816581487
0.6203866432337434 0.20045428733674048
0.6192982456140351 0.20045428733674048
0.6182136602451839 0.20045428733674048
0.6171328671328671 0.20045428733674048
0.6160558464223386 0.20045428733674048
0.6167247386759582 0.2010221465076661
0.6173913043478261 0.2015900056785917
0.6163194444444444 0.2015900056785917
0.6169844020797227 0.2021578648495173
0.6176470588235294 0.20272572402044292
0.616580310880829 0.20272572402044292
0.6155172413793103 0.20272572402044292
0.6144578313253012 0.20272572402044292
0.6134020618556701 0.20272572402044292
0.6123499142367067 0.20272572402044292
0.6113013698630136 0.20272572402044292
0.611965811965812 0.20329358319136853
0.6109215017064846 0.20329358319136853
0.6115843270868825 0.20386144236229414
0.6122448979591837 0.20442930153321975
0.6112054329371817 0.20442930153321975
0.611864406779661 0.20499716070414536
0.61082910321489 0.20499716070414536
0.6114864864864865 0.20556501987507098
0.6104553119730185 0.20556501987507098
0.6094276094276094 0.20556501987507098
0.6084033613445378 0.20556501987507098
0.6073825503355704 0.20556501987507098
0.6063651591289783 0.20556501987507098
0.6053511705685619 0.20556501987507098
0.6043405676126878 0.20556501987507098
0.6033333333333334 0.20556501987507098
0.6023294509151415 0.20556501987507098
0.6013289036544851 0.20556501987507098
0.6003316749585407 0.20556501987507098
0.6009933774834437 0.2061328790459966
0.6 0.2061328790459966
0.599009900990099 0.2061328790459966
0.5996705107084019 0.2067007382169222
0.600328947368421 0.2072685973878478
0.6009852216748769 0.20783645655877342
0.6 0.20783645655877342
0.5990180032733224 0.20783645655877342
0.5980392156862745 0.20783645655877342
0.5970636215334421 0.20783645655877342
0.5977198697068404 0.20840431572969903
0.5967479674796748 0.20840431572969903
0.5974025974025974 0.20897217490062464
0.5980551053484603 0.20954003407155025
0.598705501618123 0.21010789324247586
0.5993537964458805 0.21067575241340147
0.5983870967741935 0.21067575241340147
0.5990338164251208 0.21124361158432708
0.5996784565916399 0.2118114707552527
0.6003210272873194 0.2123793299261783
0.5993589743589743 0.2123793299261783
0.5984 0.2123793299261783
0.597444089456869 0.2123793299261783
0.5964912280701754 0.2123793299261783
0.5955414012738853 0.2123793299261783
0.5945945945945946 0.2123793299261783
0.5952380952380952 0.21294718909710392
0.595879556259905 0.21351504826802953
0.5949367088607594 0.21351504826802953
0.5955766192733017 0.21408290743895514
0.5946372239747634 0.21408290743895514
0.5952755905511811 0.21465076660988075
0.5943396226415094 0.21465076660988075
0.5949764521193093 0.21521862578080636
0.5956112852664577 0.21578648495173197
0.594679186228482 0.21578648495173197
0.59375 0.21578648495173197
0.592823712948518 0.21578648495173197
0.5919003115264797 0.21578648495173197
0.5909797822706065 0.21578648495173197
0.5916149068322981 0.21635434412265758
0.5922480620155038 0.2169222032935832
0.5928792569659442 0.2174900624645088
0.5935085007727975 0.21805792163543442
0.5925925925925926 0.21805792163543442
0.5932203389830508 0.21862578080636003
0.5938461538461538 0.21919363997728564
0.5944700460829493 0.21976149914821125
0.5950920245398773 0.22032935831913686
0.5957120980091883 0.22089721749006247
0.5963302752293578 0.22146507666098808
0.5969465648854961 0.2220329358319137
0.5960365853658537 0.2220329358319137
0.5951293759512938 0.2220329358319137
0.5942249240121581 0.2220329358319137
0.5948406676783005 0.2226007950028393
0.593939393939394 0.2226007950028393
0.5930408472012103 0.2226007950028393
0.5936555891238671 0.2231686541737649
0.5927601809954751 0.2231686541737649
0.5918674698795181 0.2231686541737649
0.5909774436090226 0.2231686541737649
0.5900900900900901 0.2231686541737649
0.5907046476761619 0.22373651334469052
0.5913173652694611 0.22430437251561613
0.5919282511210763 0.22487223168654175
0.5925373134328358 0.22544009085746736
0.5931445603576752 0.22600795002839297
0.59375 0.22657580919931858
0.5928677563150074 0.22657580919931858
0.5934718100890207 0.2271436683702442
0.5940740740740741 0.2277115275411698
0.5946745562130178 0.2282793867120954
0.5952732644017725 0.22884724588302102
0.5958702064896755 0.22941510505394663
0.5964653902798233 0.22998296422487224
0.5955882352941176 0.22998296422487224
0.5961820851688693 0.23055082339579785
0.5967741935483871 0.23111868256672347
0.5973645680819912 0.23168654173764908
0.597953216374269 0.23225440090857466
0.5970802919708029 0.23225440090857466
0.5962099125364432 0.23225440090857466
0.5967976710334789 0.23282226007950027
0.5959302325581395 0.23282226007950027
0.5965166908563135 0.23339011925042588
0.5971014492753624 0.2339579784213515
0.5962373371924746 0.2339579784213515
0.5953757225433526 0.2339579784213515
0.5945165945165946 0.2339579784213515
0.5936599423631124 0.2339579784213515
0.5942446043165468 0.2345258375922771
0.5948275862068966 0.23509369676320271
0.5954088952654233 0.23566155593412833
0.5959885386819485 0.23622941510505394
0.5965665236051502 0.23679727427597955
0.5957142857142858 0.23679727427597955
0.5962910128388017 0.23736513344690516
0.5954415954415955 0.23736513344690516
0.5945945945945946 0.23736513344690516
0.59375 0.23736513344690516
0.5943262411347517 0.23793299261783077
0.5949008498583569 0.23850085178875638
0.5954738330975955 0.239068710959682
0.594632768361582 0.239068710959682
0.5952045133991537 0.2396365701306076
0.5943661971830986 0.2396365701306076
0.5949367088607594 0.2402044293015332
0.5955056179775281 0.24077228847245882
0.5946704067321178 0.24077228847245882
0.5938375350140056 0.24077228847245882
0.593006993006993 0.24077228847245882
0.5935754189944135 0.24134014764338443
0.592747559274756 0.24134014764338443
0.5919220055710307 0.24134014764338443
0.5924895688456189 0.24190800681431004
0.5930555555555556 0.24247586598523566
0.5936199722607489 0.24304372515616127
0.5941828254847645 0.24361158432708688
0.5933609958506224 0.24361158432708688
0.5925414364640884 0.24361158432708688
0.5917241379310345 0.24361158432708688
0.5909090909090909 0.24361158432708688
0.5900962861072903 0.24361158432708688
0.5892857142857143 0.24361158432708688
0.588477366255144 0.24361158432708688
0.589041095890411 0.2441794434980125
0.5882352941176471 0.2441794434980125
0.587431693989071 0.2441794434980125
0.5866302864938608 0.2441794434980125
0.5858310626702997 0.2441794434980125
0.5863945578231292 0.2447473026689381
0.5869565217391305 0.2453151618398637
0.587516960651289 0.24588302101078932
0.5867208672086721 0.24588302101078932
0.5872801082543978 0.24645088018171493
0.5864864864864865 0.24645088018171493
0.5870445344129555 0.24701873935264054
0.5862533692722371 0.24701873935264054
0.5868102288021534 0.24758659852356615
0.5873655913978495 0.24815445769449176
0.5865771812080537 0.24815445769449176
0.5857908847184986 0.24815445769449176
0.5863453815261044 0.24872231686541738
0.5855614973262032 0.24872231686541738
0.5861148197596796 0.249290176036343
0.5866666666666667 0.2498580352072686
0.5858854860186418 0.2498580352072686
0.586436170212766 0.2504258943781942
0.5856573705179283 0.2504258943781942
0.5848806366047745 0.2504258943781942
0.5854304635761589 0.2509937535491198
0.5859788359788359 0.2515616127200454
0.5865257595772787 0.252129471890971
0.5870712401055409 0.2526973310618966
0.5862977602108037 0.2526973310618966
0.5855263157894737 0.2526973310618966
0.5847568988173456 0.2526973310618966
0.5853018372703412 0.25326519023282223
0.5845347313237221 0.25326519023282223
0.5837696335078534 0.25326519023282223
0.5843137254901961 0.25383304940374785
0.5835509138381201 0.25383304940374785
0.5827900912646675 0.25383304940374785
0.58203125 0.25383304940374785
0.5825747724317295 0.25440090857467346
0.5831168831168831 0.25496876774559907
0.582360570687419 0.25496876774559907
0.5816062176165803 0.25496876774559907
0.5808538163001293 0.25496876774559907
0.5801033591731266 0.25496876774559907
0.5806451612903226 0.2555366269165247
0.5811855670103093 0.2561044860874503
0.5804375804375804 0.2561044860874503
0.5809768637532133 0.2566723452583759
0.5815147625160462 0.2572402044293015
0.5807692307692308 0.2572402044293015
0.5813060179257362 0.2578080636002271
0.5818414322250639 0.25837592277115273
0.5810983397190294 0.25837592277115273
0.5816326530612245 0.25894378194207834
0.5808917197452229 0.25894378194207834
0.5801526717557252 0.25894378194207834
0.579415501905972 0.25894378194207834
0.5786802030456852 0.25894378194207834
0.5792141951837769 0.25951164111300395
0.579746835443038 0.26007950028392957
0.5790139064475348 0.26007950028392957
0.5782828282828283 0.26007950028392957
0.5775535939470365 0.26007950028392957
0.5780856423173804 0.2606473594548552
0.5773584905660377 0.2606473594548552
0.5778894472361809 0.2612152186257808
0.5784190715181933 0.2617830777967064
0.5776942355889725 0.2617830777967064
0.5769712140175219 0.2617830777967064
0.5775 0.262350936967632
0.5767790262172284 0.262350936967632
0.5760598503740648 0.262350936967632
0.5753424657534246 0.262350936967632
0.5758706467661692 0.2629187961385576
0.5751552795031056 0.2629187961385576
0.575682382133995 0.26348665530948323
0.5749690210656754 0.26348665530948323
0.5742574257425742 0.26348665530948323
0.5735475896168108 0.26348665530948323
0.5740740740740741 0.26405451448040884
0.5733662145499383 0.26405451448040884
0.5726600985221675 0.26405451448040884
0.5731857318573186 0.26462237365133445
0.5724815724815725 0.26462237365133445
0.5717791411042945 0.26462237365133445
0.5723039215686274 0.26519023282226006
0.572827417380661 0.2657580919931857
0.5733496332518337 0.2663259511641113
0.5738705738705738 0.2668938103350369
0.573170731707317 0.2668938103350369
0.5724725943970768 0.2668938103350369
0.572992700729927 0.2674616695059625
0.5722964763061968 0.2674616695059625
0.5728155339805825 0.2680295286768881
0.5721212121212121 0.2680295286768881
0.572639225181598 0.26859738784781373
0.5731559854897219 0.26916524701873934
0.5736714975845411 0.26973310618966495
0.5741857659831122 0.27030096536059056
0.5746987951807229 0.2708688245315162
0.5740072202166066 0.2708688245315162
0.5733173076923077 0.2708688245315162
0.5726290516206483 0.2708688245315162
0.5731414868105515 0.2714366837024418
0.5724550898203593 0.2714366837024418
0.5717703349282297 0.2714366837024418
0.5710872162485066 0.2714366837024418
0.5715990453460621 0.2720045428733674
0.5709177592371871 0.2720045428733674
0.5714285714285714 0.272572402044293
0.5719381688466112 0.2731402612152186
0.5712589073634204 0.2731402612152186
0.5705812574139977 0.2731402612152186
0.5710900473933649 0.2737081203861442
0.5715976331360947 0.27427597955706984
0.5721040189125296 0.27484383872799545
0.5714285714285714 0.27484383872799545
0.5707547169811321 0.27484383872799545
0.5700824499411072 0.27484383872799545
0.5705882352941176 0.27541169789892106
0.5699177438307873 0.27541169789892106
0.5704225352112676 0.27597955706984667
0.5697538100820633 0.27597955706984667
0.5702576112412178 0.2765474162407723
0.5695906432748538 0.2765474162407723
0.5689252336448598 0.2765474162407723
0.5694282380396732 0.2771152754116979
0.5699300699300699 0.2776831345826235
0.5692665890570431 0.2776831345826235
0.5686046511627907 0.2776831345826235
0.5679442508710801 0.2776831345826235
0.5672853828306265 0.2776831345826235
0.5666280417149478 0.2776831345826235
0.5659722222222222 0.2776831345826235
0.5653179190751445 0.2776831345826235
0.5658198614318707 0.2782509937535491
0.5651672433679354 0.2782509937535491
0.565668202764977 0.2788188529244747
0.5661680092059839 0.27938671209540034
0.5666666666666667 0.27995457126632595
0.56601607347876 0.27995457126632595
0.5653669724770642 0.27995457126632595
0.565864833906071 0.28052243043725156
0.5663615560640732 0.28109028960817717
0.5668571428571428 0.2816581487791028
0.5662100456621004 0.2816581487791028
0.5655644241733181 0.2816581487791028
0.5649202733485194 0.2816581487791028
0.5642775881683731 0.2816581487791028
0.5647727272727273 0.2822260079500284
0.565266742338252 0.282793867120954
0.564625850340136 0.282793867120954
0.5639864099660249 0.282793867120954
0.5633484162895928 0.282793867120954
0.5627118644067797 0.282793867120954
0.5620767494356659 0.282793867120954
0.5614430665163472 0.282793867120954
0.5619369369369369 0.2833617262918796
0.5613048368953881 0.2833617262918796
0.5606741573033708 0.2833617262918796
0.5600448933782267 0.2833617262918796
0.5594170403587444 0.2833617262918796
0.5587905935050392 0.2833617262918796
0.558165548098434 0.2833617262918796
0.5575418994413408 0.2833617262918796
0.5569196428571429 0.2833617262918796
0.5562987736900781 0.2833617262918796
0.5567928730512249 0.2839295854628052
0.557285873192436 0.28449744463373083
0.5577777777777778 0.28506530380465644
0.5571587125416204 0.28506530380465644
0.5565410199556541 0.28506530380465644
0.5559246954595792 0.28506530380465644
0.5553097345132744 0.28506530380465644
0.554696132596685 0.28506530380465644
0.5551876379690949 0.28563316297558206
0.5556780595369349 0.28620102214650767
0.5550660792951542 0.28620102214650767
0.5544554455445545 0.28620102214650767
0.5538461538461539 0.28620102214650767
0.5543358946212953 0.2867688813174333
0.5537280701754386 0.2867688813174333
0.5531215772179627 0.2867688813174333
0.5525164113785558 0.2867688813174333
0.5530054644808743 0.2873367404883589
0.5534934497816594 0.2879045996592845
0.5539803707742639 0.2884724588302101
0.5544662309368191 0.2890403180011357
0.5549510337323177 0.28960817717206133
0.5543478260869565 0.28960817717206133
0.5537459283387622 0.28960817717206133
0.5531453362255966 0.28960817717206133
0.5525460455037919 0.28960817717206133
0.551948051948052 0.28960817717206133
0.5524324324324325 0.29017603634298694
0.5529157667386609 0.29074389551391255
0.5533980582524272 0.29131175468483816
0.552801724137931 0.29131175468483816
0.5532831001076426 0.2918796138557638
0.553763440860215 0.2924474730266894
0.5531686358754028 0.2924474730266894
0.5525751072961373 0.2924474730266894
0.5519828510182208 0.2924474730266894
0.5513918629550322 0.2924474730266894
0.5508021390374331 0.2924474730266894
0.5502136752136753 0.2924474730266894
0.5496264674493063 0.2924474730266894
0.5490405117270789 0.2924474730266894
0.549520766773163 0.293015332197615
0.548936170212766 0.293015332197615
0.5494155154091392 0.2935831913685406
0.5488322717622081 0.2935831913685406
0.5482502651113468 0.2935831913685406
0.5476694915254238 0.2935831913685406
0.5470899470899471 0.2935831913685406
0.5465116279069767 0.2935831913685406
0.5469904963041182 0.2941510505394662
0.5474683544303798 0.29471890971039183
0.5468914646996839 0.29471890971039183
0.5463157894736842 0.29471890971039183
0.5457413249211357 0.29471890971039183
0.5462184873949579 0.29528676888131744
0.5456453305351522 0.29528676888131744
0.5450733752620545 0.29528676888131744
0.5445026178010471 0.29528676888131744
0.5439330543933054 0.29528676888131744
0.5433646812957158 0.29528676888131744
0.5438413361169102 0.29585462805224305
0.5443169968717414 0.29642248722316866
0.5447916666666667 0.2969903463940943
0.5442247658688866 0.2969903463940943
0.5446985446985447 0.2975582055650199
0.5441329179646937 0.2975582055650199
0.5435684647302904 0.2975582055650199
0.5430051813471503 0.2975582055650199
0.5424430641821946 0.2975582055650199
0.5418821096173733 0.2975582055650199
0.5413223140495868 0.2975582055650199
0.541795665634675 0.2981260647359455
0.5412371134020618 0.2981260647359455
0.5406797116374872 0.2981260647359455
0.5401234567901234 0.2981260647359455
0.539568345323741 0.2981260647359455
0.5390143737166324 0.2981260647359455
0.5384615384615384 0.2981260647359455
0.5389344262295082 0.2986939239068711
0.5383828045035824 0.2986939239068711
0.5378323108384458 0.2986939239068711
0.5372829417773238 0.2986939239068711
0.5377551020408163 0.2992617830777967
0.5382262996941896 0.29982964224872233
0.5376782077393075 0.29982964224872233
0.5381485249237029 0.30039750141964794
0.5386178861788617 0.30096536059057355
0.5390862944162437 0.30153321976149916
0.539553752535497 0.30210107893242477
0.5390070921985816 0.30210107893242477
0.5384615384615384 0.30210107893242477
0.537917087967644 0.30210107893242477
0.5373737373737374 0.30210107893242477
0.5368314833501514 0.30210107893242477
0.5372983870967742 0.3026689381033504
0.5367573011077543 0.3026689381033504
0.5362173038229376 0.3026689381033504
0.535678391959799 0.3026689381033504
0.535140562248996 0.3026689381033504
0.5346038114343029 0.3026689381033504
0.5340681362725451 0.3026689381033504
0.5335335335335335 0.3026689381033504
0.534 0.303236797274276
0.5334665334665335 0.303236797274276
0.5329341317365269 0.303236797274276
0.5324027916251246 0.303236797274276
0.5318725099601593 0.303236797274276
0.5313432835820896 0.303236797274276
0.5318091451292246 0.3038046564452016
0.5312810327706058 0.3038046564452016
0.5307539682539683 0.3038046564452016
0.5302279484638256 0.3038046564452016
0.5297029702970297 0.3038046564452016
0.5291790306627102 0.3038046564452016
0.5296442687747036 0.3043725156161272
0.5291214215202369 0.3043725156161272
0.5295857988165681 0.3049403747870528
0.529064039408867 0.3049403747870528
0.5285433070866141 0.3049403747870528
0.528023598820059 0.3049403747870528
0.5275049115913556 0.3049403747870528
0.5269872423945045 0.3049403747870528
0.5264705882352941 0.3049403747870528
0.5259549461312438 0.3049403747870528
0.5264187866927593 0.30550823395797844
0.5268817204301075 0.30607609312890405
0.5263671875 0.30607609312890405
0.5258536585365854 0.30607609312890405
0.5263157894736842 0.30664395229982966
0.5258033106134372 0.30664395229982966
0.5262645914396887 0.30721181147075527
0.5257531584062196 0.30721181147075527
0.525242718446602 0.30721181147075527
0.5257032007759457 0.3077796706416809
0.5251937984496124 0.3077796706416809
0.5256534365924492 0.3083475298126065
0.5251450676982592 0.3083475298126065
0.5246376811594203 0.3083475298126065
0.525096525096525 0.3089153889835321
0.5245901639344263 0.3089153889835321
0.5250481695568401 0.3094832481544577
0.5255052935514918 0.3100511073253833
0.525 0.3100511073253833
0.5244956772334294 0.3100511073253833
0.5249520153550864 0.31061896649630893
0.5244487056567594 0.31061896649630893
0.5239463601532567 0.31061896649630893
0.5244019138755981 0.31118682566723455
0.5239005736137667 0.31118682566723455
0.5234001910219676 0.31118682566723455
0.5229007633587787 0.31118682566723455
0.5224022878932316 0.31118682566723455
0.5219047619047619 0.31118682566723455
0.5214081826831589 0.31118682566723455
0.5209125475285171 0.31118682566723455
0.5204178537511871 0.31118682566723455
0.5199240986717267 0.31118682566723455
0.5194312796208531 0.31118682566723455
0.5198863636363636 0.31175468483816016
0.5193945127719962 0.31175468483816016
0.5189035916824196 0.31175468483816016
0.5184135977337111 0.31175468483816016
0.5188679245283019 0.31232254400908577
0.5183788878416589 0.31232254400908577
0.5178907721280602 0.31232254400908577
0.5183443085606774 0.3128904031800114
0.518796992481203 0.313458262350937
0.5183098591549296 0.313458262350937
0.5178236397748592 0.313458262350937
0.5182755388940956 0.3140261215218626
0.5177902621722846 0.3140261215218626
0.5173058933582788 0.3140261215218626
0.516822429906542 0.3140261215218626
0.5172735760971056 0.3145939806927882
0.5167910447761194 0.3145939806927882
0.5172413793103449 0.3151618398637138
0.5167597765363129 0.3151618398637138
0.5162790697674419 0.3151618398637138
0.5157992565055762 0.3151618398637138
0.5153203342618384 0.3151618398637138
0.5148423005565863 0.3151618398637138
0.5143651529193698 0.3151618398637138
0.5138888888888888 0.3151618398637138
0.513413506012951 0.3151618398637138
0.5129390018484289 0.3151618398637138
0.5133887349953832 0.31572969903463943
0.5129151291512916 0.31572969903463943
0.5124423963133641 0.31572969903463943
0.5119705340699816 0.31572969903463943
0.5114995400183993 0.31572969903463943
0.5110294117647058 0.31572969903463943
0.5105601469237833 0.31572969903463943
0.5100917431192661 0.31572969903463943
0.5105407882676444 0.31629755820556504
0.510989010989011 0.31686541737649065
0.5105215004574566 0.31686541737649065
0.5100548446069469 0.31686541737649065
0.5095890410958904 0.31686541737649065
0.5091240875912408 0.31686541737649065
0.5086599817684594 0.31686541737649065
0.5081967213114754 0.31686541737649065
0.5077343039126478 0.31686541737649065
0.5072727272727273 0.31686541737649065
0.5068119891008175 0.31686541737649065
0.5063520871143375 0.31686541737649065
0.5058930190389845 0.31686541737649065
0.5063405797101449 0.31743327654741627
0.5058823529411764 0.31743327654741627
0.5054249547920434 0.31743327654741627
0.5058717253839206 0.3180011357183419
0.5054151624548736 0.3180011357183419
0.5049594229035167 0.3180011357183419
0.5045045045045045 0.3180011357183419
0.504950495049505 0.3185689948892675
0.5044964028776978 0.3185689948892675
0.5040431266846361 0.3185689948892675
0.5035906642728905 0.3185689948892675
0.5031390134529148 0.3185689948892675
0.5026881720430108 0.3185689948892675
0.5022381378692927 0.3185689948892675
0.501788908765653 0.3185689948892675
0.5013404825737265 0.3185689948892675
0.5008928571428571 0.3185689948892675
0.5004460303300624 0.3185689948892675
0.5 0.3185689948892675
0.4995547640249332 0.3185689948892675
0.4991103202846975 0.3185689948892675
0.49866666666666665 0.3185689948892675
0.49822380106571934 0.3185689948892675
0.49778172138420584 0.3185689948892675
0.4973404255319149 0.3185689948892675
0.49689991142604073 0.3185689948892675
0.49734513274336284 0.3191368540601931
0.4969053934571176 0.3191368540601931
0.49734982332155475 0.3197047132311187
0.4969108561341571 0.3197047132311187
0.4964726631393298 0.3197047132311187
0.4960352422907489 0.3197047132311187
0.49559859154929575 0.3197047132311187
0.4951627088830255 0.3197047132311187
0.4947275922671353 0.3197047132311187
