1.0 0.0
1.0 0.0005773672055427252
1.0 0.0011547344110854503
1.0 0.0017321016166281756
1.0 0.0023094688221709007
0.8 0.0023094688221709007
0.8333333333333334 0.002886836027713626
0.8571428571428571 0.003464203233256351
0.875 0.0040415704387990765
0.8888888888888888 0.004618937644341801
0.9 0.005196304849884526
0.8181818181818182 0.005196304849884526
0.75 0.005196304849884526
0.7692307692307693 0.005773672055427252
0.7857142857142857 0.006351039260969977
0.7333333333333333 0.006351039260969977
0.75 0.006928406466512702
0.7058823529411765 0.006928406466512702
0.6666666666666666 0.006928406466512702
0.6842105263157895 0.007505773672055427
0.7 0.008083140877598153
0.7142857142857143 0.008660508083140877
0.7272727272727273 0.009237875288683603
0.6956521739130435 0.009237875288683603
0.6666666666666666 0.009237875288683603
0.68 0.009815242494226328
0.6923076923076923 0.010392609699769052
0.6666666666666666 0.010392609699769052
0.6785714285714286 0.010969976905311778
0.6896551724137931 0.011547344110854504
0.7 0.01212471131639723
0.7096774193548387 0.012702078521939953
0.6875 0.012702078521939953
0.696969696969697 0.013279445727482679
0.7058823529411765 0.013856812933025405
0.6857142857142857 0.013856812933025405
0.6944444444444444 0.014434180138568129
0.7027027027027027 0.015011547344110854
0.7105263157894737 0.01558891454965358
0.717948717948718 0.016166281755196306
0.7 0.016166281755196306
0.6829268292682927 0.016166281755196306
0.6904761904761905 0.01674364896073903
0.6976744186046512 0.017321016166281754
0.7045454545454546 0.01789838337182448
0.7111111111111111 0.018475750577367205
0.6956521739130435 0.018475750577367205
0.7021276595744681 0.01905311778290993
0.6875 0.01905311778290993
0.673469387755102 0.01905311778290993
0.68 0.019630484988452657
0.6862745098039216 0.02020785219399538
0.6923076923076923 0.020785219399538105
0.6981132075471698 0.021362586605080832
0.7037037037037037 0.021939953810623556
0.7090909090909091 0.022517321016166283
0.7142857142857143 0.023094688221709007
0.7192982456140351 0.02367205542725173
0.7068965517241379 0.02367205542725173
0.711864406779661 0.02424942263279446
0.7166666666666667 0.024826789838337183
0.7049180327868853 0.024826789838337183
0.6935483870967742 0.024826789838337183
0.6825396825396826 0.024826789838337183
0.671875 0.024826789838337183
0.6615384615384615 0.024826789838337183
0.6666666666666666 0.025404157043879907
0.6567164179104478 0.025404157043879907
0.6617647058823529 0.025981524249422634
0.6521739130434783 0.025981524249422634
0.6428571428571429 0.025981524249422634
0.6338028169014085 0.025981524249422634
0.625 0.025981524249422634
0.6164383561643836 0.025981524249422634
0.6081081081081081 0.025981524249422634
0.6 0.025981524249422634
0.5921052631578947 0.025981524249422634
0.5844155844155844 0.025981524249422634
0.5769230769230769 0.025981524249422634
0.569620253164557 0.025981524249422634
0.575 0.026558891454965358
0.5802469135802469 0.027136258660508082
0.573170731707317 0.027136258660508082
0.5662650602409639 0.027136258660508082
0.5714285714285714 0.02771362586605081
0.5647058823529412 0.02771362586605081
0.5581395348837209 0.02771362586605081
0.5517241379310345 0.02771362586605081
0.5568181818181818 0.028290993071593534
0.550561797752809 0.028290993071593534
0.5444444444444444 0.028290993071593534
0.5494505494505495 0.028868360277136258
0.5434782608695652 0.028868360277136258
0.5483870967741935 0.029445727482678985
0.5531914893617021 0.03002309468822171
0.5473684210526316 0.03002309468822171
0.5520833333333334 0.030600461893764433
0.5463917525773195 0.030600461893764433
0.5408163265306123 0.030600461893764433
0.5353535353535354 0.030600461893764433
0.54 0.03117782909930716
0.5346534653465347 0.03117782909930716
0.5294117647058824 0.03117782909930716
0.5242718446601942 0.03117782909930716
0.5192307692307693 0.03117782909930716
0.5238095238095238 0.03175519630484989
0.5188679245283019 0.03175519630484989
0.5233644859813084 0.03233256351039261
0.5277777777777778 0.032909930715935336
0.5321100917431193 0.03348729792147806
0.5363636363636364 0.034064665127020784
0.5315315315315315 0.034064665127020784
0.5357142857142857 0.03464203233256351
0.5309734513274337 0.03464203233256351
0.5350877192982456 0.03521939953810624
0.5391304347826087 0.03579676674364896
0.5344827586206896 0.03579676674364896
0.5299145299145299 0.03579676674364896
0.5338983050847458 0.036374133949191687
0.5294117647058824 0.036374133949191687
0.5333333333333333 0.03695150115473441
0.5371900826446281 0.037528868360277134
0.5327868852459017 0.037528868360277134
0.5284552845528455 0.037528868360277134
0.532258064516129 0.03810623556581986
0.536 0.03868360277136259
0.5396825396825397 0.03926096997690531
0.5433070866141733 0.03983833718244804
0.5390625 0.03983833718244804
0.5348837209302325 0.03983833718244804
0.5307692307692308 0.03983833718244804
0.5343511450381679 0.04041570438799076
0.5303030303030303 0.04041570438799076
0.5263157894736842 0.04041570438799076
0.5298507462686567 0.040993071593533485
0.5259259259259259 0.040993071593533485
0.5294117647058824 0.04157043879907621
0.5255474452554745 0.04157043879907621
0.5289855072463768 0.04214780600461894
0.5251798561151079 0.04214780600461894
0.5214285714285715 0.04214780600461894
0.524822695035461 0.042725173210161664
0.5211267605633803 0.042725173210161664
0.5174825174825175 0.042725173210161664
0.5208333333333334 0.04330254041570439
0.5172413793103449 0.04330254041570439
0.5136986301369864 0.04330254041570439
0.5102040816326531 0.04330254041570439
0.5135135135135135 0.04387990762124711
0.5100671140939598 0.04387990762124711
0.5066666666666667 0.04387990762124711
0.5033112582781457 0.04387990762124711
0.506578947368421 0.044457274826789836
0.5098039215686274 0.04503464203233257
0.5064935064935064 0.04503464203233257
0.5096774193548387 0.04561200923787529
0.5064102564102564 0.04561200923787529
0.5095541401273885 0.046189376443418015
0.5063291139240507 0.046189376443418015
0.5094339622641509 0.04676674364896074
0.5125 0.04734411085450346
0.515527950310559 0.04792147806004619
0.5185185185185185 0.04849884526558892
0.5214723926380368 0.04907621247113164
0.524390243902439 0.049653579676674366
0.5272727272727272 0.05023094688221709
0.5301204819277109 0.050808314087759814
0.5329341317365269 0.05138568129330254
0.5357142857142857 0.05196304849884527
0.5325443786982249 0.05196304849884527
0.5294117647058824 0.05196304849884527
0.5263157894736842 0.05196304849884527
0.5290697674418605 0.05254041570438799
0.5317919075144508 0.053117782909930716
0.5287356321839081 0.053117782909930716
0.5314285714285715 0.05369515011547344
0.5340909090909091 0.054272517321016164
0.5310734463276836 0.054272517321016164
0.5337078651685393 0.05484988452655889
0.5363128491620112 0.05542725173210162
0.5333333333333333 0.05542725173210162
0.5359116022099447 0.05600461893764434
0.5384615384615384 0.05658198614318707
0.5355191256830601 0.05658198614318707
0.532608695652174 0.05658198614318707
0.5297297297297298 0.05658198614318707
0.532258064516129 0.05715935334872979
0.5294117647058824 0.05715935334872979
0.526595744680851 0.05715935334872979
0.5291005291005291 0.057736720554272515
0.5263157894736842 0.057736720554272515
0.5235602094240838 0.057736720554272515
0.5260416666666666 0.05831408775981524
0.5233160621761658 0.05831408775981524
0.520618556701031 0.05831408775981524
0.5230769230769231 0.05889145496535797
0.5204081632653061 0.05889145496535797
0.5177664974619289 0.05889145496535797
0.5151515151515151 0.05889145496535797
0.5175879396984925 0.059468822170900694
0.52 0.06004618937644342
0.5174129353233831 0.06004618937644342
0.5198019801980198 0.06062355658198614
0.5172413793103449 0.06062355658198614
0.5196078431372549 0.061200923787528866
0.5170731707317073 0.061200923787528866
0.5194174757281553 0.0617782909930716
0.5217391304347826 0.06235565819861432
0.5240384615384616 0.06293302540415704
0.5263157894736842 0.06351039260969978
0.5238095238095238 0.06351039260969978
0.5213270142180095 0.06351039260969978
0.5235849056603774 0.06408775981524249
0.5258215962441315 0.06466512702078522
0.5280373831775701 0.06524249422632794
0.5255813953488372 0.06524249422632794
0.5277777777777778 0.06581986143187067
0.5253456221198156 0.06581986143187067
0.5275229357798165 0.06639722863741339
0.5296803652968036 0.06697459584295612
0.5272727272727272 0.06697459584295612
0.5248868778280543 0.06697459584295612
0.5225225225225225 0.06697459584295612
0.5201793721973094 0.06697459584295612
0.5223214285714286 0.06755196304849885
0.5244444444444445 0.06812933025404157
0.5221238938053098 0.06812933025404157
0.5242290748898678 0.0687066974595843
0.5219298245614035 0.0687066974595843
0.5240174672489083 0.06928406466512702
0.5260869565217391 0.06986143187066975
0.5281385281385281 0.07043879907621248
0.5258620689655172 0.07043879907621248
0.5278969957081545 0.0710161662817552
0.5256410256410257 0.0710161662817552
0.5234042553191489 0.0710161662817552
0.5254237288135594 0.07159353348729793
0.5232067510548524 0.07159353348729793
0.5210084033613446 0.07159353348729793
0.5188284518828452 0.07159353348729793
0.5166666666666667 0.07159353348729793
0.5186721991701245 0.07217090069284064
0.5206611570247934 0.07274826789838337
0.5185185185185185 0.07274826789838337
0.5204918032786885 0.07332563510392609
0.5183673469387755 0.07332563510392609
0.5203252032520326 0.07390300230946882
0.5182186234817814 0.07390300230946882
0.5201612903225806 0.07448036951501155
0.5180722891566265 0.07448036951501155
0.52 0.07505773672055427
0.5219123505976095 0.075635103926097
0.5238095238095238 0.07621247113163972
0.5217391304347826 0.07621247113163972
0.5196850393700787 0.07621247113163972
0.5215686274509804 0.07678983833718245
0.5234375 0.07736720554272518
0.5214007782101168 0.07736720554272518
0.5232558139534884 0.0779445727482679
0.5212355212355212 0.0779445727482679
0.5230769230769231 0.07852193995381063
0.5210727969348659 0.07852193995381063
0.5190839694656488 0.07852193995381063
0.5171102661596958 0.07852193995381063
0.5151515151515151 0.07852193995381063
0.5169811320754717 0.07909930715935334
0.518796992481203 0.07967667436489607
0.5205992509363296 0.0802540415704388
0.5186567164179104 0.0802540415704388
0.5204460966542751 0.08083140877598152
0.5185185185185185 0.08083140877598152
0.5202952029520295 0.08140877598152425
0.5220588235294118 0.08198614318706697
0.5201465201465202 0.08198614318706697
0.5218978102189781 0.0825635103926097
0.5236363636363637 0.08314087759815242
0.5253623188405797 0.08371824480369515
0.5270758122743683 0.08429561200923788
0.5251798561151079 0.08429561200923788
0.5232974910394266 0.08429561200923788
0.525 0.0848729792147806
0.5231316725978647 0.0848729792147806
0.524822695035461 0.08545034642032333
0.5265017667844523 0.08602771362586605
0.528169014084507 0.08660508083140878
0.5263157894736842 0.08660508083140878
0.5244755244755245 0.08660508083140878
0.5261324041811847 0.08718244803695151
0.5277777777777778 0.08775981524249422
0.5294117647058824 0.08833718244803695
0.5275862068965518 0.08833718244803695
0.5257731958762887 0.08833718244803695
0.5273972602739726 0.08891454965357967
0.5290102389078498 0.0894919168591224
0.5272108843537415 0.0894919168591224
0.5254237288135594 0.0894919168591224
0.5236486486486487 0.0894919168591224
0.5218855218855218 0.0894919168591224
0.5234899328859061 0.09006928406466513
0.5217391304347826 0.09006928406466513
0.52 0.09006928406466513
0.5182724252491694 0.09006928406466513
0.5198675496688742 0.09064665127020785
0.5214521452145214 0.09122401847575058
0.5197368421052632 0.09122401847575058
0.521311475409836 0.0918013856812933
0.5196078431372549 0.0918013856812933
0.5211726384364821 0.09237875288683603
0.5227272727272727 0.09295612009237875
0.5242718446601942 0.09353348729792148
0.5225806451612903 0.09353348729792148
0.5209003215434084 0.09353348729792148
0.5192307692307693 0.09353348729792148
0.5207667731629393 0.09411085450346421
0.5222929936305732 0.09468822170900693
0.5206349206349207 0.09468822170900693
0.5221518987341772 0.09526558891454966
0.5205047318611987 0.09526558891454966
0.5188679245283019 0.09526558891454966
0.5172413793103449 0.09526558891454966
0.51875 0.09584295612009237
0.5171339563862928 0.09584295612009237
0.515527950310559 0.09584295612009237
0.5139318885448917 0.09584295612009237
0.5154320987654321 0.0964203233256351
0.5169230769230769 0.09699769053117784
0.5184049079754601 0.09757505773672055
0.5168195718654435 0.09757505773672055
0.5182926829268293 0.09815242494226328
0.5197568389057751 0.098729792147806
0.5212121212121212 0.09930715935334873
0.5226586102719033 0.09988452655889145
0.5210843373493976 0.09988452655889145
0.5225225225225225 0.10046189376443418
0.5239520958083832 0.10103926096997691
0.5253731343283582 0.10161662817551963
0.5267857142857143 0.10219399538106236
0.5281899109792285 0.10277136258660508
0.5266272189349113 0.10277136258660508
0.528023598820059 0.1033487297921478
0.5264705882352941 0.1033487297921478
0.5249266862170088 0.1033487297921478
0.5233918128654971 0.1033487297921478
0.521865889212828 0.1033487297921478
0.5232558139534884 0.10392609699769054
0.5246376811594203 0.10450346420323325
0.5260115606936416 0.10508083140877598
0.5244956772334294 0.10508083140877598
0.5229885057471264 0.10508083140877598
0.5214899713467048 0.10508083140877598
0.52 0.10508083140877598
0.5213675213675214 0.1056581986143187
0.5227272727272727 0.10623556581986143
0.5240793201133145 0.10681293302540416
0.5225988700564972 0.10681293302540416
0.523943661971831 0.10739030023094688
0.5252808988764045 0.10796766743648961
0.5266106442577031 0.10854503464203233
0.5251396648044693 0.10854503464203233
0.5264623955431755 0.10912240184757506
0.5277777777777778 0.10969976905311778
0.5263157894736842 0.10969976905311778
0.5248618784530387 0.10969976905311778
0.5234159779614325 0.10969976905311778
0.5247252747252747 0.11027713625866051
0.5260273972602739 0.11085450346420324
0.5245901639344263 0.11085450346420324
0.5258855585831063 0.11143187066974596
0.5244565217391305 0.11143187066974596
0.5230352303523035 0.11143187066974596
0.5243243243243243 0.11200923787528869
0.522911051212938 0.11200923787528869
0.5241935483870968 0.1125866050808314
0.5227882037533512 0.1125866050808314
0.5240641711229946 0.11316397228637413
0.5253333333333333 0.11374133949191687
0.526595744680851 0.11431870669745958
0.5278514588859416 0.11489607390300231
0.5291005291005291 0.11547344110854503
0.5303430079155673 0.11605080831408776
0.5289473684210526 0.11605080831408776
0.5275590551181102 0.11605080831408776
0.5287958115183246 0.11662817551963048
0.5300261096605744 0.11720554272517321
0.5286458333333334 0.11720554272517321
0.5298701298701298 0.11778290993071594
0.5310880829015544 0.11836027713625866
0.5322997416020672 0.11893764434180139
0.5335051546391752 0.1195150115473441
0.5347043701799485 0.12009237875288684
0.5333333333333333 0.12009237875288684
0.5319693094629157 0.12009237875288684
0.5306122448979592 0.12009237875288684
0.5318066157760815 0.12066974595842957
0.5304568527918782 0.12066974595842957
0.529113924050633 0.12066974595842957
0.5303030303030303 0.12124711316397228
0.5289672544080605 0.12124711316397228
0.5301507537688442 0.12182448036951501
0.5288220551378446 0.12182448036951501
0.5275 0.12182448036951501
0.5261845386533666 0.12182448036951501
0.5248756218905473 0.12182448036951501
0.5235732009925558 0.12182448036951501
0.5222772277227723 0.12182448036951501
0.5209876543209877 0.12182448036951501
0.5197044334975369 0.12182448036951501
0.5184275184275184 0.12182448036951501
0.5171568627450981 0.12182448036951501
0.5183374083129584 0.12240184757505773
0.5195121951219512 0.12297921478060046
0.5206812652068127 0.1235565819861432
0.5194174757281553 0.1235565819861432
0.5205811138014528 0.12413394919168591
0.5217391304347826 0.12471131639722864
0.5204819277108433 0.12471131639722864
0.5192307692307693 0.12471131639722864
0.5179856115107914 0.12471131639722864
0.5167464114832536 0.12471131639722864
0.5178997613365155 0.12528868360277137
0.5166666666666667 0.12528868360277137
0.5154394299287411 0.12528868360277137
0.514218009478673 0.12528868360277137
0.5130023640661938 0.12528868360277137
0.5117924528301887 0.12528868360277137
0.5105882352941177 0.12528868360277137
0.5093896713615024 0.12528868360277137
0.5105386416861827 0.1258660508083141
0.5116822429906542 0.1264434180138568
0.5128205128205128 0.12702078521939955
0.513953488372093 0.12759815242494227
0.5127610208816705 0.12759815242494227
0.5138888888888888 0.12817551963048499
0.5127020785219399 0.12817551963048499
0.511520737327189 0.12817551963048499
0.5126436781609195 0.1287528868360277
0.5137614678899083 0.12933025404157045
0.5148741418764302 0.12990762124711316
0.5159817351598174 0.13048498845265588
0.5170842824601367 0.13106235565819863
0.5159090909090909 0.13106235565819863
0.5170068027210885 0.13163972286374134
0.5158371040723982 0.13163972286374134
0.5146726862302483 0.13163972286374134
0.5135135135135135 0.13163972286374134
0.5123595505617977 0.13163972286374134
0.5112107623318386 0.13163972286374134
0.5123042505592841 0.13221709006928406
0.5111607142857143 0.13221709006928406
0.5100222717149221 0.13221709006928406
0.5111111111111111 0.13279445727482678
0.5099778270509978 0.13279445727482678
0.5088495575221239 0.13279445727482678
0.5077262693156733 0.13279445727482678
0.5066079295154186 0.13279445727482678
0.5054945054945055 0.13279445727482678
0.5043859649122807 0.13279445727482678
0.5032822757111597 0.13279445727482678
0.5021834061135371 0.13279445727482678
0.5032679738562091 0.13337182448036952
0.5043478260869565 0.13394919168591224
0.5032537960954447 0.13394919168591224
0.5043290043290043 0.13452655889145496
0.5053995680345572 0.1351039260969977
0.5043103448275862 0.1351039260969977
0.5053763440860215 0.13568129330254042
0.5042918454935622 0.13568129330254042
0.5032119914346895 0.13568129330254042
0.5021367521367521 0.13568129330254042
0.5010660980810234 0.13568129330254042
0.502127659574468 0.13625866050808313
0.5031847133757962 0.13683602771362588
0.5021186440677966 0.13683602771362588
0.5031712473572939 0.1374133949191686
0.5021097046413502 0.1374133949191686
0.5010526315789474 0.1374133949191686
0.5021008403361344 0.1379907621247113
0.5031446540880503 0.13856812933025403
0.502092050209205 0.13856812933025403
0.5031315240083507 0.13914549653579678
0.5041666666666667 0.1397228637413395
0.5051975051975052 0.1403002309468822
0.5062240663900415 0.14087759815242495
0.505175983436853 0.14087759815242495
0.5041322314049587 0.14087759815242495
0.5051546391752577 0.14145496535796767
0.5041152263374485 0.14145496535796767
0.5030800821355236 0.14145496535796767
0.5020491803278688 0.14145496535796767
0.5030674846625767 0.1420323325635104
0.5040816326530613 0.1426096997690531
0.5030549898167006 0.1426096997690531
0.5020325203252033 0.1426096997690531
0.5010141987829615 0.1426096997690531
0.5 0.1426096997690531
0.498989898989899 0.1426096997690531
0.5 0.14318706697459585
0.5010060362173038 0.14376443418013857
0.5 0.14376443418013857
0.501002004008016 0.14434180138568128
0.5 0.14434180138568128
0.499001996007984 0.14434180138568128
0.5 0.14491916859122403
0.5009940357852882 0.14549653579676675
0.5 0.14549653579676675
0.500990099009901 0.14607390300230946
0.5019762845849802 0.14665127020785218
0.5009861932938856 0.14665127020785218
0.5 0.14665127020785218
0.5009823182711198 0.14722863741339492
0.5019607843137255 0.14780600461893764
0.5009784735812133 0.14780600461893764
0.5 0.14780600461893764
0.49902534113060426 0.14780600461893764
0.4980544747081712 0.14780600461893764
0.4970873786407767 0.14780600461893764
0.49806201550387597 0.14838337182448036
0.49709864603481624 0.14838337182448036
0.49613899613899615 0.14838337182448036
0.49710982658959535 0.1489607390300231
0.49615384615384617 0.1489607390300231
0.4952015355086372 0.1489607390300231
0.4942528735632184 0.1489607390300231
0.4933078393881453 0.1489607390300231
0.49427480916030536 0.14953810623556582
0.49333333333333335 0.14953810623556582
0.4923954372623574 0.14953810623556582
0.49335863377609107 0.15011547344110854
0.49242424242424243 0.15011547344110854
0.4933837429111531 0.15069284064665128
0.49245283018867925 0.15069284064665128
0.4934086629001883 0.151270207852194
0.4943609022556391 0.15184757505773672
0.49530956848030017 0.15242494226327943
0.49625468164794007 0.15300230946882218
0.4953271028037383 0.15300230946882218
0.4962686567164179 0.1535796766743649
0.49534450651769085 0.1535796766743649
0.4944237918215613 0.1535796766743649
0.4935064935064935 0.1535796766743649
0.49444444444444446 0.1541570438799076
0.4953789279112754 0.15473441108545036
0.496309963099631 0.15531177829099307
0.4953959484346225 0.15531177829099307
0.4944852941176471 0.15531177829099307
0.4954128440366973 0.1558891454965358
0.4945054945054945 0.1558891454965358
0.4936014625228519 0.1558891454965358
0.49452554744525545 0.1564665127020785
0.4936247723132969 0.1564665127020785
0.49272727272727274 0.1564665127020785
0.49183303085299457 0.1564665127020785
0.4927536231884058 0.15704387990762125
0.4936708860759494 0.15762124711316397
0.4927797833935018 0.15762124711316397
0.4918918918918919 0.15762124711316397
0.4910071942446043 0.15762124711316397
0.4919210053859964 0.1581986143187067
0.492831541218638 0.15877598152424943
0.4919499105545617 0.15877598152424943
0.4928571428571429 0.15935334872979215
0.4919786096256685 0.15935334872979215
0.4928825622775801 0.15993071593533487
0.4920071047957371 0.15993071593533487
0.49113475177304966 0.15993071593533487
0.4902654867256637 0.15993071593533487
0.48939929328621906 0.15993071593533487
0.49029982363315694 0.1605080831408776
0.49119718309859156 0.16108545034642033
0.492091388400703 0.16166281755196305
0.49122807017543857 0.16166281755196305
0.4903677758318739 0.16166281755196305
0.48951048951048953 0.16166281755196305
0.4886561954624782 0.16166281755196305
0.4878048780487805 0.16166281755196305
0.48695652173913045 0.16166281755196305
0.4878472222222222 0.16224018475750576
0.48700173310225303 0.16224018475750576
0.486159169550173 0.16224018475750576
0.4853195164075993 0.16224018475750576
0.4862068965517241 0.1628175519630485
0.4853700516351119 0.1628175519630485
0.48625429553264604 0.16339491916859122
0.4854202401372213 0.16339491916859122
0.4863013698630137 0.16397228637413394
0.48547008547008547 0.16397228637413394
0.4863481228668942 0.16454965357967669
0.4855195911413969 0.16454965357967669
0.48639455782312924 0.1651270207852194
0.4855687606112054 0.1651270207852194
0.4864406779661017 0.16570438799076212
0.4856175972927242 0.16570438799076212
0.4847972972972973 0.16570438799076212
0.4839797639123103 0.16570438799076212
0.4831649831649832 0.16570438799076212
0.4823529411764706 0.16570438799076212
0.4815436241610738 0.16570438799076212
0.4807370184254606 0.16570438799076212
0.479933110367893 0.16570438799076212
0.4791318864774624 0.16570438799076212
0.47833333333333333 0.16570438799076212
0.47753743760399336 0.16570438799076212
0.47674418604651164 0.16570438799076212
0.4759535655058043 0.16570438799076212
0.47516556291390727 0.16570438799076212
0.4743801652892562 0.16570438799076212
0.4752475247524752 0.16628175519630484
0.4744645799011532 0.16628175519630484
0.4753289473684211 0.16685912240184758
0.4745484400656814 0.16685912240184758
0.4737704918032787 0.16685912240184758
0.47299509001636664 0.16685912240184758
0.4722222222222222 0.16685912240184758
0.47145187601957583 0.16685912240184758
0.47068403908794787 0.16685912240184758
0.46991869918699186 0.16685912240184758
0.46915584415584416 0.16685912240184758
0.4683954619124797 0.16685912240184758
0.46763754045307443 0.16685912240184758
0.4668820678513732 0.16685912240184758
0.46774193548387094 0.1674364896073903
0.46859903381642515 0.16801385681293302
0.4694533762057878 0.16859122401847576
0.46869983948635635 0.16859122401847576
0.46794871794871795 0.16859122401847576
0.4672 0.16859122401847576
0.4680511182108626 0.16916859122401848
0.46730462519936206 0.16916859122401848
0.46656050955414013 0.16916859122401848
0.465818759936407 0.16916859122401848
0.4666666666666667 0.1697459584295612
0.4659270998415214 0.1697459584295612
0.4651898734177215 0.1697459584295612
0.46445497630331756 0.1697459584295612
0.4637223974763407 0.1697459584295612
0.462992125984252 0.1697459584295612
0.4638364779874214 0.17032332563510394
0.4631083202511774 0.17032332563510394
0.46238244514106586 0.17032332563510394
0.4616588419405321 0.17032332563510394
0.4625 0.17090069284064666
0.46333853354134164 0.17147806004618937
0.46261682242990654 0.17147806004618937
0.463452566096423 0.1720554272517321
0.4642857142857143 0.17263279445727484
0.46511627906976744 0.17321016166281755
0.46439628482972134 0.17321016166281755
0.46367851622874806 0.17321016166281755
0.46296296296296297 0.17321016166281755
0.4637904468412943 0.17378752886836027
0.46307692307692305 0.17378752886836027
0.46390168970814133 0.17436489607390301
0.4647239263803681 0.17494226327944573
0.4655436447166922 0.17551963048498845
0.4648318042813456 0.17551963048498845
0.46412213740458014 0.17551963048498845
0.4634146341463415 0.17551963048498845
0.4627092846270928 0.17551963048498845
0.46200607902735563 0.17551963048498845
0.4613050075872534 0.17551963048498845
0.4621212121212121 0.17609699769053117
0.4629349470499244 0.1766743648960739
0.4637462235649547 0.17725173210161663
0.46304675716440424 0.17725173210161663
0.463855421686747 0.17782909930715934
0.4631578947368421 0.17782909930715934
0.4624624624624625 0.17782909930715934
0.4617691154422789 0.17782909930715934
0.46107784431137727 0.17782909930715934
0.4618834080717489 0.1784064665127021
0.4626865671641791 0.1789838337182448
0.46199701937406856 0.1789838337182448
0.46279761904761907 0.17956120092378752
0.462109955423477 0.17956120092378752
0.4629080118694362 0.18013856812933027
0.4622222222222222 0.18013856812933027
0.4630177514792899 0.18071593533487298
0.4638109305760709 0.1812933025404157
0.4631268436578171 0.1812933025404157
0.4639175257731959 0.18187066974595842
0.4632352941176471 0.18187066974595842
0.46255506607929514 0.18187066974595842
0.4633431085043988 0.18244803695150116
0.46412884333821375 0.18302540415704388
0.4649122807017544 0.1836027713625866
0.4642335766423358 0.1836027713625866
0.4650145772594752 0.18418013856812934
0.4657933042212518 0.18475750577367206
0.46511627906976744 0.18475750577367206
0.4644412191582003 0.18475750577367206
0.463768115942029 0.18475750577367206
0.4630969609261939 0.18475750577367206
0.4624277456647399 0.18475750577367206
0.46176046176046176 0.18475750577367206
0.4610951008645533 0.18475750577367206
0.4618705035971223 0.18533487297921478
0.46120689655172414 0.18533487297921478
0.460545193687231 0.18533487297921478
0.45988538681948427 0.18533487297921478
0.4592274678111588 0.18533487297921478
0.46 0.1859122401847575
0.4593437945791726 0.1859122401847575
0.4586894586894587 0.1859122401847575
0.45803698435277385 0.1859122401847575
0.45738636363636365 0.1859122401847575
0.4581560283687943 0.18648960739030024
0.45750708215297453 0.18648960739030024
0.45685997171145687 0.18648960739030024
0.4562146892655367 0.18648960739030024
0.45698166431593795 0.18706697459584296
0.4563380281690141 0.18706697459584296
0.45569620253164556 0.18706697459584296
0.4550561797752809 0.18706697459584296
0.4544179523141655 0.18706697459584296
0.453781512605042 0.18706697459584296
0.45454545454545453 0.18764434180138567
0.4553072625698324 0.18822170900692842
0.4560669456066946 0.18879907621247113
0.4554317548746518 0.18879907621247113
0.45479833101529904 0.18879907621247113
0.45416666666666666 0.18879907621247113
0.4549237170596394 0.18937644341801385
0.45429362880886426 0.18937644341801385
0.4536652835408022 0.18937644341801385
0.4530386740331492 0.18937644341801385
0.45241379310344826 0.18937644341801385
0.45179063360881544 0.18937644341801385
0.45254470426409904 0.18995381062355657
0.4519230769230769 0.18995381062355657
0.45267489711934156 0.1905311778290993
0.4520547945205479 0.1905311778290993
0.4528043775649795 0.19110854503464203
0.4521857923497268 0.19110854503464203
0.451568894952251 0.19110854503464203
0.45095367847411444 0.19110854503464203
0.45034013605442175 0.19110854503464203
0.44972826086956524 0.19110854503464203
0.4491180461329715 0.19110854503464203
0.44850948509485095 0.19110854503464203
0.4479025710419486 0.19110854503464203
0.4472972972972973 0.19110854503464203
0.44804318488529016 0.19168591224018475
0.4474393530997305 0.19168591224018475
0.4468371467025572 0.19168591224018475
0.44623655913978494 0.19168591224018475
0.44563758389261743 0.19168591224018475
0.4450402144772118 0.19168591224018475
0.4444444444444444 0.19168591224018475
0.44385026737967914 0.19168591224018475
0.4445927903871829 0.1922632794457275
0.44533333333333336 0.1928406466512702
0.44607190412782954 0.19341801385681293
0.4454787234042553 0.19341801385681293
0.4448871181938911 0.19341801385681293
0.4442970822281167 0.19341801385681293
0.44370860927152317 0.19341801385681293
0.44312169312169314 0.19341801385681293
0.4438573315719947 0.19399538106235567
0.44327176781002636 0.19399538106235567
0.4440052700922266 0.1945727482678984
0.44473684210526315 0.1951501154734411
0.4454664914586071 0.19572748267898382
0.4448818897637795 0.19572748267898382
0.4456094364351245 0.19630484988452657
0.44502617801047123 0.19630484988452657
0.44575163398692813 0.19688221709006928
0.4451697127937337 0.19688221709006928
0.4445893089960887 0.19688221709006928
0.4440104166666667 0.19688221709006928
0.4447334200260078 0.197459584295612
0.44415584415584414 0.197459584295612
0.44487678339818415 0.19803695150115475
0.44430051813471505 0.19803695150115475
0.44372574385511 0.19803695150115475
0.44315245478036175 0.19803695150115475
0.44387096774193546 0.19861431870669746
0.44458762886597936 0.19919168591224018
0.444015444015444 0.19919168591224018
0.44473007712082263 0.1997690531177829
0.4441591784338896 0.1997690531177829
0.44358974358974357 0.1997690531177829
0.44302176696542894 0.1997690531177829
0.4437340153452685 0.20034642032332564
0.44316730523627074 0.20034642032332564
0.44260204081632654 0.20034642032332564
0.44203821656050957 0.20034642032332564
0.44274809160305345 0.20092378752886836
0.4434561626429479 0.20150115473441108
0.44416243654822335 0.20207852193995382
0.4448669201520912 0.20265588914549654
0.44556962025316454 0.20323325635103925
0.44627054361567636 0.203810623556582
0.4457070707070707 0.203810623556582
0.4451450189155107 0.203810623556582
0.44584382871536526 0.20438799076212472
0.44528301886792454 0.20438799076212472
0.44472361809045224 0.20438799076212472
0.44416562107904645 0.20438799076212472
0.44360902255639095 0.20438799076212472
0.4430538172715895 0.20438799076212472
0.4425 0.20438799076212472
0.4419475655430712 0.20438799076212472
0.442643391521197 0.20496535796766743
0.44209215442092153 0.20496535796766743
0.44154228855721395 0.20496535796766743
0.4409937888198758 0.20496535796766743
0.44168734491315137 0.20554272517321015
0.4423791821561338 0.2061200923787529
0.44183168316831684 0.2061200923787529
0.44128553770086526 0.2061200923787529
0.44074074074074077 0.2061200923787529
0.4401972872996301 0.2061200923787529
0.4408866995073892 0.2066974595842956
0.4403444034440344 0.2066974595842956
0.4398034398034398 0.2066974595842956
0.4404907975460123 0.20727482678983833
0.43995098039215685 0.20727482678983833
0.4394124847001224 0.20727482678983833
0.4400977995110024 0.20785219399538107
0.44078144078144077 0.2084295612009238
0.44146341463414634 0.2090069284064665
0.440925700365408 0.2090069284064665
0.4416058394160584 0.20958429561200922
0.44106925880923453 0.20958429561200922
0.4405339805825243 0.20958429561200922
0.44 0.20958429561200922
0.43946731234866826 0.20958429561200922
0.43893591293833134 0.20958429561200922
0.4384057971014493 0.20958429561200922
0.4378769601930036 0.20958429561200922
0.43734939759036146 0.20958429561200922
0.4368231046931408 0.20958429561200922
0.4362980769230769 0.20958429561200922
0.43577430972388953 0.20958429561200922
0.4352517985611511 0.20958429561200922
0.4347305389221557 0.20958429561200922
0.4342105263157895 0.20958429561200922
0.4336917562724014 0.20958429561200922
0.4331742243436754 0.20958429561200922
0.432657926102503 0.20958429561200922
0.43333333333333335 0.21016166281755197
0.4340071343638526 0.2107390300230947
0.4346793349168646 0.2113163972286374
0.43416370106761565 0.2113163972286374
0.43483412322274884 0.21189376443418015
0.43431952662721895 0.21189376443418015
0.43380614657210403 0.21189376443418015
0.4332939787485242 0.21189376443418015
0.43278301886792453 0.21189376443418015
0.43227326266195526 0.21189376443418015
0.43176470588235294 0.21189376443418015
0.4312573443008226 0.21189376443418015
0.4307511737089202 0.21189376443418015
0.43024618991793667 0.21189376443418015
0.4297423887587822 0.21189376443418015
0.4304093567251462 0.21247113163972287
0.42990654205607476 0.21247113163972287
0.4294049008168028 0.21247113163972287
0.4289044289044289 0.21247113163972287
0.42840512223515714 0.21247113163972287
0.42790697674418604 0.21247113163972287
0.4274099883855981 0.21247113163972287
0.42691415313225056 0.21247113163972287
0.4264194669756663 0.21247113163972287
0.4270833333333333 0.21304849884526558
0.42658959537572255 0.21304849884526558
0.42609699769053117 0.21304849884526558
0.42560553633217996 0.21304849884526558
0.42626728110599077 0.21362586605080833
0.42577675489067895 0.21362586605080833
0.4264367816091954 0.21420323325635104
0.425947187141217 0.21420323325635104
0.42545871559633025 0.21420323325635104
0.424971363115693 0.21420323325635104
0.425629290617849 0.21478060046189376
0.42514285714285716 0.21478060046189376
0.4246575342465753 0.21478060046189376
0.4241733181299886 0.21478060046189376
0.42369020501138954 0.21478060046189376
0.4232081911262799 0.21478060046189376
0.42272727272727273 0.21478060046189376
0.42224744608399545 0.21478060046189376
0.4217687074829932 0.21478060046189376
0.42129105322763305 0.21478060046189376
0.42081447963800905 0.21478060046189376
0.4214689265536723 0.21535796766743648
0.4221218961625282 0.21593533487297922
0.42164599774520856 0.21593533487297922
0.42117117117117114 0.21593533487297922
0.42069741282339707 0.21593533487297922
0.4202247191011236 0.21593533487297922
0.4208754208754209 0.21651270207852194
0.42152466367713004 0.21709006928406466
0.42105263157894735 0.21709006928406466
0.42058165548098436 0.21709006928406466
0.4201117318435754 0.21709006928406466
0.41964285714285715 0.21709006928406466
0.41917502787068006 0.21709006928406466
0.4198218262806236 0.2176674364896074
0.41935483870967744 0.2176674364896074
0.41888888888888887 0.2176674364896074
0.4184239733629301 0.2176674364896074
0.417960088691796 0.2176674364896074
0.4186046511627907 0.21824480369515012
0.41814159292035397 0.21824480369515012
0.4176795580110497 0.21824480369515012
0.41721854304635764 0.21824480369515012
0.41675854465270123 0.21824480369515012
0.41629955947136565 0.21824480369515012
0.4158415841584158 0.21824480369515012
0.4153846153846154 0.21824480369515012
0.4149286498353458 0.21824480369515012
0.4144736842105263 0.21824480369515012
0.41511500547645125 0.21882217090069284
0.41575492341356673 0.21939953810623555
0.41530054644808745 0.21939953810623555
0.4148471615720524 0.21939953810623555
0.4143947655398037 0.21939953810623555
0.4139433551198257 0.21939953810623555
0.4134929270946681 0.21939953810623555
0.41304347826086957 0.21939953810623555
0.41368078175895767 0.2199769053117783
0.41323210412147504 0.2199769053117783
0.41278439869989164 0.2199769053117783
0.41233766233766234 0.2199769053117783
0.4118918918918919 0.2199769053117783
0.4114470842332613 0.2199769053117783
0.4110032362459547 0.2199769053117783
0.4105603448275862 0.2199769053117783
0.4101184068891281 0.2199769053117783
0.4096774193548387 0.2199769053117783
0.4103114930182599 0.22055427251732102
0.40987124463519314 0.22055427251732102
0.4105037513397642 0.22113163972286373
0.41113490364025695 0.22170900692840648
0.4106951871657754 0.22170900692840648
0.41025641025641024 0.22170900692840648
0.40981856990394877 0.22170900692840648
0.4093816631130064 0.22170900692840648
0.40894568690095845 0.22170900692840648
0.4085106382978723 0.22170900692840648
0.40807651434643993 0.22170900692840648
0.40764331210191085 0.22170900692840648
0.40827147401908803 0.2222863741339492
0.4078389830508475 0.2222863741339492
0.4074074074074074 0.2222863741339492
0.4069767441860465 0.2222863741339492
0.4065469904963041 0.2222863741339492
0.4061181434599156 0.2222863741339492
0.40569020021074814 0.2222863741339492
0.4052631578947368 0.2222863741339492
0.4058885383806519 0.2228637413394919
0.4065126050420168 0.22344110854503466
0.4060860440713536 0.22344110854503466
0.4056603773584906 0.22344110854503466
0.406282722513089 0.22401847575057737
0.40690376569037656 0.2245958429561201
0.406478578892372 0.2245958429561201
0.40605427974947805 0.2245958429561201
0.4056308654848801 0.2245958429561201
0.40520833333333334 0.2245958429561201
0.404786680541103 0.2245958429561201
0.40540540540540543 0.2251732101616628
0.40602284527518173 0.22575057736720555
0.40560165975103735 0.22575057736720555
0.40518134715025905 0.22575057736720555
0.40476190476190477 0.22575057736720555
0.40537745604963804 0.22632794457274827
0.4049586776859504 0.22632794457274827
0.40454076367389064 0.22632794457274827
0.4041237113402062 0.22632794457274827
0.40370751802265703 0.22632794457274827
0.404320987654321 0.22690531177829099
0.4039054470709147 0.22690531177829099
0.40349075975359344 0.22690531177829099
0.40307692307692305 0.22690531177829099
0.4026639344262295 0.22690531177829099
0.4022517911975435 0.22690531177829099
0.401840490797546 0.22690531177829099
0.4024514811031665 0.22748267898383373
0.4020408163265306 0.22748267898383373
0.4016309887869521 0.22748267898383373
0.40224032586558045 0.22806004618937645
0.40183112919633773 0.22806004618937645
0.4024390243902439 0.22863741339491916
0.4020304568527919 0.22863741339491916
0.40162271805273836 0.22863741339491916
0.4012158054711246 0.22863741339491916
0.4008097165991903 0.22863741339491916
0.40040444893832156 0.22863741339491916
0.4 0.22863741339491916
0.40060544904137235 0.22921478060046188
0.4012096774193548 0.22979214780600463
0.40080563947633435 0.22979214780600463
0.40040241448692154 0.22979214780600463
0.40100502512562813 0.23036951501154734
0.4006024096385542 0.23036951501154734
0.4002006018054162 0.23036951501154734
0.3997995991983968 0.23036951501154734
0.3993993993993994 0.23036951501154734
0.4 0.23094688221709006
0.4005994005994006 0.2315242494226328
0.4001996007984032 0.2315242494226328
0.40079760717846463 0.23210161662817552
0.40039840637450197 0.23210161662817552
0.4 0.23210161662817552
0.3996023856858847 0.23210161662817552
0.39920556107249255 0.23210161662817552
0.39880952380952384 0.23210161662817552
0.398414271555996 0.23210161662817552
0.39900990099009903 0.23267898383371824
0.39861523244312563 0.23267898383371824
0.39822134387351776 0.23267898383371824
0.39782823297137215 0.23267898383371824
0.3974358974358974 0.23267898383371824
0.39704433497536945 0.23267898383371824
0.39763779527559057 0.23325635103926096
0.3972468043264503 0.23325635103926096
0.3968565815324165 0.23325635103926096
0.3974484789008832 0.2338337182448037
0.39705882352941174 0.2338337182448037
0.3966699314397649 0.2338337182448037
0.39628180039138944 0.2338337182448037
0.39589442815249265 0.2338337182448037
0.3955078125 0.2338337182448037
0.3960975609756098 0.23441108545034642
0.3966861598440546 0.23498845265588914
0.39629990262901654 0.23498845265588914
0.3959143968871595 0.23498845265588914
0.3965014577259475 0.23556581986143188
0.3970873786407767 0.2361431870669746
0.39670223084384093 0.2361431870669746
0.39728682170542634 0.23672055427251731
0.3969022265246854 0.23672055427251731
0.3965183752417795 0.23672055427251731
0.3961352657004831 0.23672055427251731
0.39575289575289574 0.23672055427251731
0.39537126325940214 0.23672055427251731
0.3959537572254335 0.23729792147806006
0.39557266602502406 0.23729792147806006
0.3951923076923077 0.23729792147806006
0.39481268011527376 0.23729792147806006
0.3944337811900192 0.23729792147806006
0.3940556088207095 0.23729792147806006
0.3946360153256705 0.23787528868360278
0.39425837320574164 0.23787528868360278
0.3948374760994264 0.2384526558891455
0.3944603629417383 0.2384526558891455
0.39408396946564883 0.2384526558891455
0.39466158245948524 0.2390300230946882
0.3942857142857143 0.2390300230946882
0.3939105613701237 0.2390300230946882
0.3935361216730038 0.2390300230946882
0.39316239316239315 0.2390300230946882
0.3927893738140417 0.2390300230946882
0.3933649289099526 0.23960739030023095
0.3939393939393939 0.24018475750577367
0.3935666982024598 0.24018475750577367
0.3931947069943289 0.24018475750577367
0.392823418319169 0.24018475750577367
0.39339622641509436 0.2407621247113164
0.3930254476908577 0.2407621247113164
0.3926553672316384 0.2407621247113164
0.3922859830667921 0.2407621247113164
0.39285714285714285 0.24133949191685913
0.39248826291079814 0.24133949191685913
0.39305816135084426 0.24191685912240185
0.39268978444236174 0.24191685912240185
0.39325842696629215 0.24249422632794457
0.3938260056127222 0.24307159353348728
0.39345794392523364 0.24307159353348728
0.3930905695611578 0.24307159353348728
0.39365671641791045 0.24364896073903003
0.3932898415657036 0.24364896073903003
0.3929236499068901 0.24364896073903003
0.3925581395348837 0.24364896073903003
0.39219330855018586 0.24364896073903003
0.3918291550603528 0.24364896073903003
0.3914656771799629 0.24364896073903003
0.39202965708989806 0.24422632794457275
0.3925925925925926 0.24480369515011546
0.39222941720629045 0.24480369515011546
0.39186691312384475 0.24480369515011546
0.3915050784856879 0.24480369515011546
0.39114391143911437 0.24480369515011546
0.39078341013824885 0.24480369515011546
0.39042357274401474 0.24480369515011546
0.39098436062557496 0.2453810623556582
0.3915441176470588 0.24595842956120093
0.39118457300275483 0.24595842956120093
0.3908256880733945 0.24595842956120093
0.3904674610449129 0.24595842956120093
0.3901098901098901 0.24595842956120093
0.39066788655077767 0.24653579676674364
0.3903107861060329 0.24653579676674364
0.3908675799086758 0.2471131639722864
0.3905109489051095 0.2471131639722864
0.3910665451230629 0.2476905311778291
0.3907103825136612 0.2476905311778291
0.39126478616924476 0.24826789838337182
0.39090909090909093 0.24826789838337182
0.3905540417801998 0.24826789838337182
0.3911070780399274 0.24884526558891454
0.39075249320036265 0.24884526558891454
0.3903985507246377 0.24884526558891454
0.3900452488687783 0.24884526558891454
0.3896925858951175 0.24884526558891454
0.3893405600722674 0.24884526558891454
0.3898916967509025 0.24942263279445728
0.38954012623985573 0.24942263279445728
0.3900900900900901 0.25
0.38973897389738976 0.25
0.3893884892086331 0.25
0.3890386343216532 0.25
0.3895870736086176 0.25057736720554274
0.38923766816143496 0.25057736720554274
0.3888888888888889 0.25057736720554274
0.38943598925693823 0.25115473441108543
0.389087656529517 0.25115473441108543
0.3896336014298481 0.2517321016166282
0.3892857142857143 0.2517321016166282
0.3898305084745763 0.2523094688221709
0.3894830659536542 0.2523094688221709
0.390026714158504 0.2528868360277136
0.3896797153024911 0.2528868360277136
0.39022222222222225 0.25346420323325636
0.38987566607460034 0.25346420323325636
0.3904170363797693 0.2540415704387991
0.3900709219858156 0.2540415704387991
0.3906111603188663 0.2546189376443418
0.3902654867256637 0.2546189376443418
0.38992042440318303 0.2546189376443418
0.38957597173144876 0.2546189376443418
0.38923212709620475 0.2546189376443418
0.3888888888888889 0.2546189376443418
0.38854625550660793 0.2546189376443418
0.3882042253521127 0.2546189376443418
0.38786279683377306 0.2546189376443418
0.3875219683655536 0.2546189376443418
0.3871817383669886 0.2546189376443418
0.3868421052631579 0.2546189376443418
0.38650306748466257 0.2546189376443418
0.3861646234676007 0.2546189376443418
0.3858267716535433 0.2546189376443418
0.38548951048951047 0.2546189376443418
0.3860262008733624 0.25519630484988454
0.3856893542757417 0.25519630484988454
0.3862249346120314 0.2557736720554272
0.3858885017421603 0.2557736720554272
0.38642297650130547 0.25635103926096997
0.38608695652173913 0.25635103926096997
0.38575152041702865 0.25635103926096997
0.3854166666666667 0.25635103926096997
0.38508239375542064 0.25635103926096997
0.3856152512998267 0.2569284064665127
0.3852813852813853 0.2569284064665127
0.38494809688581316 0.2569284064665127
0.38461538461538464 0.2569284064665127
0.3842832469775475 0.2569284064665127
0.3839516824849008 0.2569284064665127
0.38448275862068965 0.2575057736720554
0.3850129198966408 0.25808314087759815
0.3846815834767642 0.25808314087759815
0.38521066208082544 0.2586605080831409
0.3848797250859107 0.2586605080831409
0.384549356223176 0.2586605080831409
0.3850771869639794 0.2592378752886836
0.3847472150814053 0.2592378752886836
0.3844178082191781 0.2592378752886836
0.3849443969204448 0.25981524249422633
0.38461538461538464 0.25981524249422633
0.3851409052092229 0.2603926096997691
0.3848122866894198 0.2603926096997691
0.38448422847399827 0.2603926096997691
0.3841567291311755 0.2603926096997691
0.38382978723404254 0.2603926096997691
0.3835034013605442 0.2603926096997691
0.38317757009345793 0.2603926096997691
0.3828522920203735 0.2603926096997691
0.3825275657336726 0.2603926096997691
0.3822033898305085 0.2603926096997691
0.38187976291278575 0.2603926096997691
0.3824027072758037 0.26096997690531176
0.3820794590025359 0.26096997690531176
0.38175675675675674 0.26096997690531176
0.38143459915611816 0.26096997690531176
0.3811129848229342 0.26096997690531176
0.38079191238416177 0.26096997690531176
0.38047138047138046 0.26096997690531176
0.3801513877207738 0.26096997690531176
0.380672268907563 0.2615473441108545
0.380352644836272 0.2615473441108545
0.3800335570469799 0.2615473441108545
0.38055322715842416 0.26212471131639725
0.38023450586264657 0.26212471131639725
0.3807531380753138 0.26270207852193994
0.38127090301003347 0.2632794457274827
0.38095238095238093 0.2632794457274827
0.3806343906510851 0.2632794457274827
0.3811509591326105 0.26385681293302543
0.38083333333333336 0.26385681293302543
0.38051623646960864 0.26385681293302543
0.38019966722129783 0.26385681293302543
0.3798836242726517 0.26385681293302543
0.3795681063122924 0.26385681293302543
0.379253112033195 0.26385681293302543
0.37893864013267 0.26385681293302543
0.37862468931234466 0.26385681293302543
0.3791390728476821 0.2644341801385681
0.37882547559966917 0.2644341801385681
0.3793388429752066 0.26501154734411086
0.3790255986787779 0.26501154734411086
0.3787128712871287 0.26501154734411086
0.37840065952184665 0.26501154734411086
0.37891268533772654 0.26558891454965355
0.3786008230452675 0.26558891454965355
0.37911184210526316 0.2661662817551963
0.37962202136400985 0.26674364896073904
0.3793103448275862 0.26674364896073904
0.37981952420016407 0.26732101616628173
0.3795081967213115 0.26732101616628173
0.37919737919737917 0.26732101616628173
0.3788870703764321 0.26732101616628173
0.3785772690106296 0.26732101616628173
0.37826797385620914 0.26732101616628173
0.37795918367346937 0.26732101616628173
0.37765089722675366 0.26732101616628173
0.3773431132844336 0.26732101616628173
0.3770358306188925 0.26732101616628173
0.3775427176566314 0.2678983833718245
0.3772357723577236 0.2678983833718245
0.37692932575142163 0.2678983833718245
0.37662337662337664 0.2678983833718245
0.3771289537712895 0.2684757505773672
0.37682333873581847 0.2684757505773672
0.3765182186234818 0.2684757505773672
0.37702265372168287 0.2690531177829099
0.3767178658043654 0.2690531177829099
0.3764135702746365 0.2690531177829099
0.3761097659402744 0.2690531177829099
0.3758064516129032 0.2690531177829099
0.37550362610797744 0.2690531177829099
0.37600644122383253 0.26963048498845266
0.37570394207562346 0.26963048498845266
0.3754019292604502 0.26963048498845266
0.3751004016064257 0.26963048498845266
0.3756019261637239 0.2702078521939954
0.37530072173215717 0.2702078521939954
0.375 0.2702078521939954
0.37469975980784626 0.2702078521939954
0.3744 0.2702078521939954
0.37410071942446044 0.2702078521939954
0.3738019169329074 0.2702078521939954
0.37350359138068634 0.2702078521939954
0.37320574162679426 0.2702078521939954
0.37290836653386455 0.2702078521939954
0.37261146496815284 0.2702078521939954
0.3723150357995227 0.2702078521939954
0.37201907790143085 0.2702078521939954
0.37172359015091344 0.2702078521939954
0.37142857142857144 0.2702078521939954
0.3711340206185567 0.2702078521939954
0.37083993660855785 0.2702078521939954
0.37054631828978624 0.2702078521939954
0.370253164556962 0.2702078521939954
0.36996047430830037 0.2702078521939954
0.3696682464454976 0.2702078521939954
0.36937647987371747 0.2702078521939954
0.36908517350157727 0.2702078521939954
0.36879432624113473 0.2702078521939954
0.36850393700787404 0.2702078521939954
0.3682140047206924 0.2702078521939954
0.36792452830188677 0.2702078521939954
0.3676355066771406 0.2702078521939954
0.36813186813186816 0.2707852193995381
0.367843137254902 0.2707852193995381
0.3683385579937304 0.27136258660508084
0.3688332028191073 0.2719399538106236
0.3685446009389671 0.2719399538106236
0.36825645035183735 0.2719399538106236
0.36875 0.27251732101616627
0.36846213895394225 0.27251732101616627
0.36817472698907955 0.27251732101616627
0.36788776305533905 0.27251732101616627
0.367601246105919 0.27251732101616627
0.3673151750972763 0.27251732101616627
0.36702954898911355 0.27251732101616627
0.3667443667443667 0.27251732101616627
0.36645962732919257 0.27251732101616627
0.3661753297129558 0.27251732101616627
0.36589147286821705 0.27251732101616627
0.36560805577072036 0.27251732101616627
0.3653250773993808 0.27251732101616627
0.36504253673627224 0.27251732101616627
0.3655332302936631 0.273094688221709
0.36525096525096523 0.273094688221709
0.36574074074074076 0.27367205542725176
0.3654587509637625 0.27367205542725176
0.36517719568567025 0.27367205542725176
0.3648960739030023 0.27367205542725176
0.3646153846153846 0.27367205542725176
0.36433512682551883 0.27367205542725176
0.3640552995391705 0.27367205542725176
0.36377590176515734 0.27367205542725176
0.3642638036809816 0.27424942263279445
0.36398467432950193 0.27424942263279445
0.36370597243491576 0.27424942263279445
0.3634276970160673 0.27424942263279445
0.363914373088685 0.2748267898383372
0.36440030557677616 0.2754041570438799
0.36412213740458016 0.2754041570438799
0.36384439359267734 0.2754041570438799
0.3635670731707317 0.2754041570438799
0.36405178979436403 0.2759815242494226
0.3637747336377473 0.2759815242494226
0.3634980988593156 0.2759815242494226
0.36322188449848025 0.2759815242494226
0.36370539104024296 0.27655889145496537
0.36342943854324733 0.27655889145496537
0.36315390447308565 0.27655889145496537
0.36287878787878786 0.27655889145496537
0.36260408781226344 0.27655889145496537
0.36232980332829046 0.27655889145496537
0.36205593348450493 0.27655889145496537
0.36178247734138974 0.27655889145496537
0.3622641509433962 0.27713625866050806
0.36199095022624433 0.27713625866050806
0.3617181612660136 0.27713625866050806
0.3614457831325301 0.27713625866050806
0.3611738148984199 0.27713625866050806
0.36165413533834584 0.2777136258660508
0.3613824192336589 0.2777136258660508
0.3611111111111111 0.2777136258660508
0.36084021005251316 0.2777136258660508
0.3605697151424288 0.2777136258660508
0.3602996254681648 0.2777136258660508
0.36002994011976047 0.2777136258660508
0.3605086013462977 0.27829099307159355
0.3602391629297459 0.27829099307159355
0.35997012696041825 0.27829099307159355
0.3597014925373134 0.27829099307159355
0.35943325876211785 0.27829099307159355
0.3591654247391952 0.27829099307159355
0.35889798957557706 0.27829099307159355
0.3586309523809524 0.27829099307159355
0.35836431226765797 0.27829099307159355
0.35809806835066865 0.27829099307159355
0.3578322197475872 0.27829099307159355
0.35756676557863504 0.27829099307159355
0.35730170496664193 0.27829099307159355
0.35777777777777775 0.27886836027713624
0.3582531458179127 0.279445727482679
0.35798816568047337 0.279445727482679
0.35846267553584626 0.28002309468822173
0.3581979320531758 0.28002309468822173
0.35793357933579334 0.28002309468822173
0.35766961651917406 0.28002309468822173
0.3574060427413412 0.28002309468822173
0.35714285714285715 0.28002309468822173
0.35688005886681384 0.28002309468822173
0.35661764705882354 0.28002309468822173
0.35635562086700956 0.28002309468822173
0.35609397944199705 0.28002309468822173
0.3558327219369039 0.28002309468822173
0.3555718475073314 0.28002309468822173
0.3553113553113553 0.28002309468822173
0.35505124450951686 0.28002309468822173
0.3547915142648135 0.28002309468822173
0.35453216374269003 0.28002309468822173
0.3550036523009496 0.2806004618937644
0.35474452554744523 0.2806004618937644
0.3544857768052516 0.2806004618937644
0.35422740524781343 0.2806004618937644
0.35396941005098326 0.2806004618937644
0.3537117903930131 0.2806004618937644
0.35345454545454547 0.2806004618937644
0.3539244186046512 0.28117782909930716
0.35366739288307913 0.28117782909930716
0.353410740203193 0.28117782909930716
0.3538796229151559 0.2817551963048499
0.3536231884057971 0.2817551963048499
0.35336712527154235 0.2817551963048499
0.35311143270622286 0.2817551963048499
0.35285610990600147 0.2817551963048499
0.35260115606936415 0.2817551963048499
0.3523465703971119 0.2817551963048499
0.35209235209235207 0.2817551963048499
0.35255948089401584 0.2823325635103926
0.3523054755043228 0.2823325635103926
0.35205183585313177 0.2823325635103926
0.35179856115107916 0.2823325635103926
0.3515456506110712 0.2823325635103926
0.35129310344827586 0.2823325635103926
0.35104091888011485 0.2823325635103926
0.351506456241033 0.28290993071593534
0.35125448028673834 0.28290993071593534
0.3510028653295129 0.28290993071593534
0.3507516105941303 0.28290993071593534
0.35050071530758226 0.28290993071593534
0.35025017869907077 0.28290993071593534
0.35 0.28290993071593534
0.3497501784439686 0.28290993071593534
0.35021398002853066 0.2834872979214781
0.3499643620812545 0.2834872979214781
0.3504273504273504 0.2840646651270208
0.3501779359430605 0.2840646651270208
0.34992887624466573 0.2840646651270208
0.34968017057569295 0.2840646651270208
0.3494318181818182 0.2840646651270208
0.34989354151880764 0.2846420323325635
0.349645390070922 0.2846420323325635
0.3493975903614458 0.2846420323325635
0.34915014164305946 0.2846420323325635
0.3489030431705591 0.2846420323325635
0.34865629420084865 0.2846420323325635
0.3484098939929329 0.2846420323325635
0.3488700564971751 0.2852193995381062
0.3486238532110092 0.2852193995381062
0.34837799717912554 0.2852193995381062
0.34813248766737137 0.2852193995381062
0.3485915492957746 0.28579676674364896
0.34904996481351164 0.2863741339491917
0.3488045007032349 0.2863741339491917
0.3492621222768798 0.2869515011547344
0.34901685393258425 0.2869515011547344
0.3487719298245614 0.2869515011547344
0.3485273492286115 0.2869515011547344
0.3482831114225648 0.2869515011547344
0.3480392156862745 0.2869515011547344
0.34849545136459065 0.28752886836027713
0.34895104895104895 0.2881062355658199
0.34870719776380155 0.2881062355658199
0.348463687150838 0.2881062355658199
0.34822051639916257 0.2881062355658199
0.3486750348675035 0.28868360277136257
0.34843205574912894 0.28868360277136257
0.34818941504178275 0.28868360277136257
0.34794711203897005 0.28868360277136257
0.3477051460361613 0.28868360277136257
0.34746351633078526 0.28868360277136257
0.3472222222222222 0.28868360277136257
0.34767522553782093 0.2892609699769053
0.3474341192787795 0.2892609699769053
0.3471933471933472 0.2892609699769053
0.34695290858725764 0.2892609699769053
0.3467128027681661 0.2892609699769053
0.34647302904564314 0.2892609699769053
0.34623358673116794 0.2892609699769053
0.34599447513812154 0.2892609699769053
0.34575569358178054 0.2892609699769053
0.34551724137931034 0.2892609699769053
0.3452791178497588 0.2892609699769053
0.3450413223140496 0.2892609699769053
0.34480385409497594 0.2892609699769053
0.34456671251719395 0.2892609699769053
0.3443298969072165 0.2892609699769053
0.3440934065934066 0.2892609699769053
0.3438572409059712 0.2892609699769053
0.3443072702331962 0.28983833718244806
0.3440712816997944 0.28983833718244806
0.34383561643835614 0.28983833718244806
0.34428473648186175 0.29041570438799075
0.3440492476060191 0.29041570438799075
0.3438140806561859 0.29041570438799075
0.3442622950819672 0.2909930715935335
0.3440273037542662 0.2909930715935335
0.34379263301500684 0.2909930715935335
0.34355828220858897 0.2909930715935335
0.34332425068119893 0.2909930715935335
0.3430905377808033 0.2909930715935335
0.34285714285714286 0.2909930715935335
0.34262406526172673 0.2909930715935335
0.3423913043478261 0.2909930715935335
0.3421588594704684 0.2909930715935335
0.3419267299864315 0.2909930715935335
0.3416949152542373 0.2909930715935335
0.34146341463414637 0.2909930715935335
0.3412322274881517 0.2909930715935335
0.34100135317997293 0.2909930715935335
0.3407707910750507 0.2909930715935335
0.34054054054054056 0.2909930715935335
0.34031060094530724 0.2909930715935335
0.3407557354925776 0.29157043879907624
0.3405259608900877 0.29157043879907624
0.34097035040431267 0.2921478060046189
0.34074074074074073 0.2921478060046189
0.3411843876177658 0.29272517321016167
0.3409549428379287 0.29272517321016167
0.3407258064516129 0.29272517321016167
0.3404969778374748 0.29272517321016167
0.3402684563758389 0.29272517321016167
0.34004024144869216 0.29272517321016167
0.3398123324396783 0.29272517321016167
0.33958472873409246 0.29272517321016167
0.34002677376171353 0.29330254041570436
0.34046822742474914 0.2938799076212471
0.34024064171123 0.2938799076212471
0.34001336005344024 0.2938799076212471
0.33978638184245663 0.2938799076212471
0.33955970647098066 0.2938799076212471
0.3393333333333333 0.2938799076212471
0.3391072618254497 0.2938799076212471
0.3388814913448735 0.2938799076212471
0.33865602129075184 0.2938799076212471
0.3384308510638298 0.2938799076212471
0.3382059800664452 0.2938799076212471
0.3379814077025232 0.2938799076212471
0.33842070338420704 0.29445727482678985
0.33885941644562334 0.29503464203233254
0.33863485752153744 0.29503464203233254
0.33841059602649004 0.29503464203233254
0.3388484447385837 0.2956120092378753
0.3386243386243386 0.2956120092378753
0.33906146728354264 0.29618937644341803
0.33883751651254956 0.29618937644341803
0.33861386138613864 0.29618937644341803
0.33839050131926124 0.29618937644341803
0.33816743572841135 0.29618937644341803
0.3386034255599473 0.2967667436489607
0.33838051349572085 0.2967667436489607
0.33881578947368424 0.29734411085450346
0.33925049309664695 0.2979214780600462
0.33902759526938236 0.2979214780600462
0.3388049901510177 0.2979214780600462
0.339238845144357 0.2984988452655889
0.33901639344262297 0.2984988452655889
0.33879423328964614 0.2984988452655889
0.33857236411263913 0.2984988452655889
0.33835078534031415 0.2984988452655889
0.3381294964028777 0.2984988452655889
0.33790849673202616 0.2984988452655889
0.33768778576094055 0.2984988452655889
0.3381201044386423 0.29907621247113164
0.3378995433789954 0.29907621247113164
0.3376792698826597 0.29907621247113164
0.33745928338762216 0.29907621247113164
0.3372395833333333 0.29907621247113164
0.33702016916070265 0.29907621247113164
0.3368010403120936 0.29907621247113164
0.336582196231319 0.29907621247113164
0.33636363636363636 0.29907621247113164
0.33614536015574303 0.29907621247113164
0.3359273670557717 0.29907621247113164
0.3357096565132858 0.29907621247113164
0.33549222797927464 0.29907621247113164
0.3352750809061489 0.29907621247113164
0.3350582147477361 0.29907621247113164
0.334841628959276 0.29907621247113164
0.33527131782945735 0.2996535796766744
0.33505487411233054 0.2996535796766744
0.33483870967741935 0.2996535796766744
0.3346228239845261 0.2996535796766744
0.33440721649484534 0.2996535796766744
0.33419188667095945 0.2996535796766744
0.33462033462033464 0.3002309468822171
0.33440514469453375 0.3002309468822171
0.3341902313624679 0.3002309468822171
0.3346178548490687 0.3008083140877598
0.334403080872914 0.3008083140877598
0.3341885824246312 0.3008083140877598
0.33397435897435895 0.3008083140877598
0.33376040999359385 0.3008083140877598
0.33354673495518566 0.3008083140877598
0.3333333333333333 0.3008083140877598
0.33312020460358055 0.3008083140877598
0.3329073482428115 0.3008083140877598
0.3326947637292465 0.3008083140877598
0.3324824505424378 0.3008083140877598
0.3322704081632653 0.3008083140877598
0.33205863607393243 0.3008083140877598
0.33184713375796177 0.3008083140877598
0.33227243793761935 0.30138568129330257
0.3320610687022901 0.30138568129330257
0.3318499682136046 0.30138568129330257
0.33227445997458704 0.30196304849884525
0.33206349206349206 0.30196304849884525
0.33185279187817257 0.30196304849884525
0.3316423589093215 0.30196304849884525
0.3320659062103929 0.302540415704388
0.3318556048131729 0.302540415704388
0.33164556962025316 0.302540415704388
0.3314358001265022 0.302540415704388
0.33122629582806573 0.302540415704388
0.3310170562223626 0.302540415704388
0.3314393939393939 0.3031177829099307
0.3312302839116719 0.3031177829099307
0.33102143757881464 0.3031177829099307
0.33081285444234404 0.3031177829099307
0.3306045340050378 0.3031177829099307
0.3303964757709251 0.3031177829099307
0.330188679245283 0.3031177829099307
0.3299811439346323 0.3031177829099307
0.3297738693467337 0.3031177829099307
0.3295668549905838 0.3031177829099307
0.32936010037641156 0.3031177829099307
0.32978056426332286 0.30369515011547343
0.32957393483709274 0.30369515011547343
0.32936756418284285 0.30369515011547343
0.32916145181476847 0.30369515011547343
0.32895559724828016 0.30369515011547343
0.32875 0.30369515011547343
0.32854465958775764 0.30369515011547343
0.3283395755305868 0.30369515011547343
0.32813474734872117 0.30369515011547343
0.32855361596009974 0.3042725173210162
0.3283489096573209 0.3042725173210162
0.32814445828144456 0.3042725173210162
0.327940261356565 0.3042725173210162
0.3277363184079602 0.3042725173210162
0.32753262896208823 0.3042725173210162
0.3273291925465838 0.3042725173210162
0.3271260086902545 0.3042725173210162
0.3269230769230769 0.3042725173210162
0.3267203967761934 0.3042725173210162
0.3265179677819083 0.3042725173210162
0.3263157894736842 0.3042725173210162
0.32673267326732675 0.30484988452655887
0.32653061224489793 0.30484988452655887
0.326946847960445 0.3054272517321016
0.32674490426189007 0.3054272517321016
0.32654320987654323 0.3054272517321016
0.3269586674892042 0.30600461893764436
0.32675709001233044 0.30600461893764436
0.32655576093653726 0.30600461893764436
0.3263546798029557 0.30600461893764436
0.3261538461538461 0.30600461893764436
0.32595325953259535 0.30600461893764436
0.3257529194837124 0.30600461893764436
0.32555282555282555 0.30600461893764436
0.32535297728667895 0.30600461893764436
0.3257668711656442 0.30658198614318705
0.325567136725935 0.30658198614318705
0.32536764705882354 0.30658198614318705
0.3251684017146356 0.30658198614318705
0.32496940024479803 0.30658198614318705
0.3247706422018349 0.30658198614318705
0.3245721271393643 0.30658198614318705
0.3249847281612706 0.3071593533487298
0.3247863247863248 0.3071593533487298
0.324588163514338 0.3071593533487298
0.325 0.30773672055427254
0.32541133455210236 0.3083140877598152
0.32521315468940315 0.3083140877598152
0.32501521606816797 0.3083140877598152
0.3248175182481752 0.3083140877598152
0.32462006079027356 0.3083140877598152
0.3250303766707169 0.30889145496535797
0.32483302975106254 0.30889145496535797
0.3246359223300971 0.30889145496535797
0.32504548211036993 0.3094688221709007
0.32545454545454544 0.3100461893764434
0.32525741974560873 0.3100461893764434
0.32506053268765134 0.3100461893764434
0.3248638838475499 0.3100461893764434
0.32466747279322855 0.3100461893764434
0.3244712990936556 0.3100461893764434
0.3242753623188406 0.3100461893764434
0.324079662039831 0.3100461893764434
0.3238841978287093 0.3100461893764434
0.32368896925858953 0.3100461893764434
0.32349397590361445 0.3100461893764434
0.32329921733895245 0.3100461893764434
0.3231046931407942 0.3100461893764434
0.32291040288635 0.3100461893764434
0.32271634615384615 0.3100461893764434
0.3225225225225225 0.3100461893764434
0.32232893157262904 0.3100461893764434
0.32213557288542294 0.3100461893764434
0.32194244604316546 0.3100461893764434
0.32234871180347513 0.31062355658198615
0.3221556886227545 0.31062355658198615
0.3225613405146619 0.3112009237875289
0.3223684210526316 0.3112009237875289
0.32217573221757323 0.3112009237875289
0.32198327359617684 0.3112009237875289
0.3217910447761194 0.3112009237875289
0.32159904534606204 0.3112009237875289
0.32140727489564697 0.3112009237875289
0.3212157330154946 0.3112009237875289
0.3210244192972007 0.3112009237875289
0.32083333333333336 0.3112009237875289
0.32123735871505055 0.3117782909930716
0.3210463733650416 0.3117782909930716
0.3214497920380273 0.3123556581986143
0.32125890736342044 0.3123556581986143
0.32106824925816024 0.3123556581986143
0.3208778173190985 0.3123556581986143
0.3206876111440427 0.3123556581986143
0.32049763033175355 0.3123556581986143
0.320307874481942 0.3123556581986143
0.3201183431952663 0.3123556581986143
0.3199290360733294 0.3123556581986143
0.3197399527186761 0.3123556581986143
0.3195510927347903 0.3123556581986143
0.31936245572609206 0.3123556581986143
0.31976401179941005 0.312933025404157
0.32016509433962265 0.31351039260969976
0.3199764289923394 0.31351039260969976
0.3197879858657244 0.31351039260969976
0.3195997645673926 0.31351039260969976
0.32 0.3140877598152425
0.3203997648442093 0.3146651270207852
0.3207990599294947 0.31524249422632794
0.32061068702290074 0.31524249422632794
0.3204225352112676 0.31524249422632794
0.32023460410557186 0.31524249422632794
0.32004689331770225 0.31524249422632794
0.31985940246045697 0.31524249422632794
0.319672131147541 0.31524249422632794
0.3200702165008777 0.3158198614318707
0.3198830409356725 0.3158198614318707
0.3196960841613092 0.3158198614318707
0.3195093457943925 0.3158198614318707
0.31932282545242263 0.3158198614318707
0.3191365227537923 0.3158198614318707
0.3189504373177843 0.3158198614318707
0.31876456876456877 0.3158198614318707
0.31916132789749563 0.3163972286374134
0.3189755529685681 0.3163972286374134
0.3193717277486911 0.3169745958429561
0.31976744186046513 0.31755196304849886
0.31958163858221966 0.31755196304849886
0.31939605110336816 0.31755196304849886
0.3192106790481718 0.31755196304849886
0.3190255220417633 0.31755196304849886
0.3188405797101449 0.31755196304849886
0.31923522595596754 0.31812933025404155
0.31962941517081644 0.3187066974595843
0.3194444444444444 0.3187066974595843
0.3192596876807403 0.3187066974595843
0.3190751445086705 0.3187066974595843
0.3188908145580589 0.3187066974595843
0.3187066974595843 0.3187066974595843
0.31852279284477786 0.3187066974595843
0.31891580161476357 0.31928406466512704
0.31873198847262246 0.31928406466512704
0.3185483870967742 0.31928406466512704
0.3183649971214738 0.31928406466512704
0.3181818181818182 0.31928406466512704
0.31799884991374355 0.31928406466512704
0.317816091954023 0.31928406466512704
0.3176335439402642 0.31928406466512704
0.317451205510907 0.31928406466512704
0.3172690763052209 0.31928406466512704
0.3170871559633027 0.31928406466512704
0.3169054441260745 0.31928406466512704
0.3167239404352806 0.31928406466512704
0.31711505437893533 0.31986143187066973
0.3169336384439359 0.31986143187066973
0.31675242995997716 0.31986143187066973
0.31657142857142856 0.31986143187066973
0.3163906339234723 0.31986143187066973
0.3167808219178082 0.3204387990762125
0.3166001140901312 0.3204387990762125
0.3164196123147092 0.3204387990762125
0.3162393162393162 0.3204387990762125
0.31605922551252846 0.3204387990762125
0.31587933978372223 0.3204387990762125
0.31569965870307165 0.3204387990762125
0.31552018192154635 0.3204387990762125
0.3153409090909091 0.3204387990762125
0.3151618398637138 0.3204387990762125
0.31498297389330304 0.3204387990762125
0.314804310833806 0.3204387990762125
0.31462585034013607 0.3204387990762125
0.31444759206798867 0.3204387990762125
0.3142695356738392 0.3204387990762125
0.3140916808149406 0.3204387990762125
0.31391402714932126 0.3204387990762125
0.31373657433578295 0.3204387990762125
0.3135593220338983 0.3204387990762125
0.313382269904009 0.3204387990762125
0.3132054176072235 0.3204387990762125
0.3135927805978567 0.3210161662817552
0.3134160090191657 0.3210161662817552
0.3132394366197183 0.3210161662817552
0.3130630630630631 0.3210161662817552
0.3128868880135059 0.3210161662817552
0.31327334083239594 0.3215935334872979
0.31309724564362 0.3215935334872979
0.31348314606741573 0.32217090069284066
0.313307130825379 0.32217090069284066
0.31313131313131315 0.32217090069284066
0.3135165451486259 0.32274826789838335
0.3133408071748879 0.32274826789838335
0.3131652661064426 0.32274826789838335
0.31298992161254197 0.32274826789838335
0.31281477336317853 0.32274826789838335
0.3131991051454139 0.3233256351039261
0.31302403577417554 0.3233256351039261
0.3128491620111732 0.3233256351039261
0.3126744835287549 0.3233256351039261
0.3125 0.3233256351039261
0.3123257110987172 0.3233256351039261
0.31270903010033446 0.32390300230946883
0.3125348189415042 0.32390300230946883
0.3123608017817372 0.32390300230946883
0.3121869782971619 0.32390300230946883
0.3120133481646274 0.32390300230946883
0.31183991106170095 0.32390300230946883
0.31166666666666665 0.32390300230946883
0.31149361465852304 0.32390300230946883
0.3113207547169811 0.32390300230946883
0.31114808652246256 0.32390300230946883
0.31097560975609756 0.32390300230946883
0.310803324099723 0.32390300230946883
0.3106312292358804 0.32390300230946883
0.3104593248478141 0.32390300230946883
0.310287610619469 0.32390300230946883
0.3101160862354892 0.32390300230946883
0.3104972375690608 0.3244803695150115
0.3103257868580895 0.3244803695150115
0.31015452538631344 0.3244803695150115
0.3099834528405957 0.3244803695150115
0.3103638368246968 0.32505773672055427
0.31019283746556475 0.32505773672055427
0.31002202643171806 0.32505773672055427
0.30985140341221795 0.32505773672055427
0.3096809680968097 0.32505773672055427
0.30951072017592085 0.32505773672055427
0.30934065934065935 0.32505773672055427
0.30917078528281167 0.32505773672055427
0.30900109769484085 0.32505773672055427
0.3088315962698848 0.32505773672055427
0.3086622807017544 0.32505773672055427
0.3084931506849315 0.32505773672055427
0.3088718510405257 0.325635103926097
0.30870279146141216 0.325635103926097
0.3085339168490153 0.325635103926097
0.30836522689994533 0.325635103926097
0.3081967213114754 0.325635103926097
0.3080283997815401 0.325635103926097
0.3078602620087336 0.325635103926097
0.3076923076923077 0.325635103926097
0.3075245365321701 0.325635103926097
0.3073569482288828 0.325635103926097
0.30718954248366015 0.325635103926097
0.3070223189983669 0.325635103926097
0.3073993471164309 0.3262124711316397
0.3072321914083741 0.3262124711316397
0.3070652173913043 0.3262124711316397
0.3068984247691472 0.3262124711316397
0.30673181324647125 0.3262124711316397
0.30656538252848614 0.3262124711316397
0.306941431670282 0.32678983833718245
0.30677506775067753 0.32678983833718245
0.3066088840736728 0.32678983833718245
0.30644288034650785 0.32678983833718245
0.30627705627705626 0.32678983833718245
0.3061114115738237 0.32678983833718245
0.30594594594594593 0.32678983833718245
0.30578065910318747 0.32678983833718245
0.30561555075593955 0.32678983833718245
0.30545062061521855 0.32678983833718245
0.30528586839266453 0.32678983833718245
0.3051212938005391 0.32678983833718245
0.30549568965517243 0.3273672055427252
0.3053311793214863 0.3273672055427252
0.3051668460710441 0.3273672055427252
0.30500268961807425 0.3273672055427252
0.30483870967741933 0.3273672055427252
0.30467490596453517 0.3273672055427252
0.30451127819548873 0.3273672055427252
0.30434782608695654 0.3273672055427252
0.30472103004291845 0.3279445727482679
0.30455764075067027 0.3279445727482679
0.30439442658092175 0.3279445727482679
0.30476700589180505 0.3285219399538106
0.30513918629550324 0.32909930715935337
0.30497592295345105 0.32909930715935337
0.3048128342245989 0.32909930715935337
0.30518439337252806 0.32967667436489606
0.30502136752136755 0.32967667436489606
0.30539241857981847 0.3302540415704388
0.3052294557097118 0.3302540415704388
0.30506666666666665 0.3302540415704388
0.3049040511727079 0.3302540415704388
0.3047416089504528 0.3302540415704388
0.3045793397231097 0.3302540415704388
0.3044172432144758 0.3302540415704388
0.30425531914893617 0.3302540415704388
0.30409356725146197 0.3302540415704388
0.30393198724760895 0.3302540415704388
0.30377057886351566 0.3302540415704388
0.304140127388535 0.33083140877598155
0.30450928381962866 0.33140877598152424
0.30434782608695654 0.33140877598152424
0.3041865394806571 0.33140877598152424
0.3040254237288136 0.33140877598152424
0.3038644785600847 0.33140877598152424
0.3037037037037037 0.33140877598152424
0.30354309888947645 0.33140877598152424
0.3033826638477801 0.33140877598152424
0.30375066032752246 0.331986143187067
0.30359028511087643 0.331986143187067
0.3034300791556728 0.331986143187067
0.3032700421940928 0.331986143187067
0.30311017395888246 0.331986143187067
0.3029504741833509 0.331986143187067
0.3033175355450237 0.3325635103926097
0.3031578947368421 0.3325635103926097
0.30299842188321935 0.3325635103926097
0.3028391167192429 0.3325635103926097
0.30267997898055704 0.3325635103926097
0.30304621848739494 0.3331408775981524
0.30288713910761156 0.3331408775981524
0.30272822665267574 0.3331408775981524
0.3025694808599895 0.3331408775981524
0.30241090146750527 0.3331408775981524
0.30225248821372447 0.3331408775981524
0.3020942408376963 0.3331408775981524
0.3019361590790162 0.3331408775981524
0.30177824267782427 0.3331408775981524
0.30162049137480396 0.3331408775981524
0.3014629049111808 0.3331408775981524
0.3013054830287206 0.3331408775981524
0.3011482254697286 0.3331408775981524
0.30099113197704747 0.3331408775981524
0.30083420229405633 0.3331408775981524
0.3006774361646691 0.3331408775981524
0.30052083333333335 0.3331408775981524
0.30036439354502864 0.3331408775981524
0.30020811654526536 0.3331408775981524
0.3000520020800832 0.3331408775981524
0.2998960498960499 0.3331408775981524
0.29974025974025975 0.3331408775981524
0.2995846313603323 0.3331408775981524
0.299429164504411 0.3331408775981524
0.2992738589211618 0.3331408775981524
0.29963711767755313 0.33371824480369516
0.3 0.33429561200923785
0.2998446400828586 0.33429561200923785
0.2996894409937888 0.33429561200923785
0.29953440248318675 0.33429561200923785
0.29937952430196485 0.33429561200923785
0.2992248062015504 0.33429561200923785
0.2990702479338843 0.33429561200923785
0.2994321115126484 0.3348729792147806
0.29927760577915374 0.3348729792147806
0.2991232594120681 0.3348729792147806
0.29896907216494845 0.3348729792147806
0.2993302421432251 0.33545034642032334
0.29917610710607623 0.33545034642032334
0.29902213072568196 0.33545034642032334
0.29886831275720166 0.33545034642032334
0.2987146529562982 0.33545034642032334
0.29856115107913667 0.33545034642032334
0.29840780688238316 0.33545034642032334
0.2982546201232033 0.33545034642032334
0.2986146741918933 0.33602771362586603
0.29846153846153844 0.33602771362586603
0.2983085597129677 0.33602771362586603
0.29815573770491804 0.33602771362586603
0.2980030721966206 0.33602771362586603
0.2978505629477994 0.33602771362586603
0.29820971867007673 0.3366050808314088
0.29805725971370145 0.3366050808314088
0.2984159427695452 0.3371824480369515
0.2982635342185904 0.3371824480369515
0.29811128126595204 0.3371824480369515
0.2979591836734694 0.3371824480369515
0.29780724120346763 0.3371824480369515
0.2976554536187564 0.3371824480369515
0.29750382068262865 0.3371824480369515
0.2973523421588595 0.3371824480369515
0.2972010178117048 0.3371824480369515
0.2970498474059003 0.3371824480369515
0.2968988307066599 0.3371824480369515
0.2967479674796748 0.3371824480369515
0.29659725749111227 0.3371824480369515
0.2969543147208122 0.3377598152424942
0.2968036529680365 0.3377598152424942
0.29665314401622717 0.3377598152424942
0.2970096300050684 0.33833718244803695
0.2968591691995947 0.33833718244803695
0.2972151898734177 0.3389145496535797
0.29706477732793524 0.3389145496535797
0.296914516944866 0.3389145496535797
0.2972699696663296 0.3394919168591224
0.29711975745325925 0.3394919168591224
0.296969696969697 0.3394919168591224
0.2968197879858657 0.3394919168591224
0.29717457114026236 0.34006928406466513
0.29702471003530007 0.34006928406466513
0.2973790322580645 0.3406466512702079
0.2972292191435768 0.3406466512702079
0.297583081570997 0.34122401847575057
0.29743331655762456 0.34122401847575057
0.29728370221327965 0.34122401847575057
0.2971342383107089 0.34122401847575057
0.2969849246231156 0.34122401847575057
0.2968357609241587 0.34122401847575057
0.29668674698795183 0.34122401847575057
0.2965378825890617 0.34122401847575057
0.29638916750250754 0.34122401847575057
0.2962406015037594 0.34122401847575057
0.2965931863727455 0.3418013856812933
0.29644466700050076 0.3418013856812933
0.2962962962962963 0.3418013856812933
0.2961480740370185 0.3418013856812933
0.2965 0.342378752886836
0.29685157421289354 0.34295612009237875
0.2967032967032967 0.34295612009237875
0.2965551672491263 0.34295612009237875
0.2964071856287425 0.34295612009237875
0.29625935162094763 0.34295612009237875
0.29611166500498504 0.34295612009237875
0.29596412556053814 0.34295612009237875
0.2958167330677291 0.34295612009237875
0.29566948730711795 0.34295612009237875
0.2955223880597015 0.34295612009237875
0.295375435106912 0.34295612009237875
0.2952286282306163 0.34295612009237875
0.295578738201689 0.3435334872979215
0.2954319761668322 0.3435334872979215
0.29578163771712157 0.3441108545034642
0.29563492063492064 0.3441108545034642
0.29548834903321763 0.3441108545034642
0.29534192269573833 0.3441108545034642
0.29569093610698366 0.3446882217090069
0.29554455445544553 0.3446882217090069
0.2953983176645225 0.3446882217090069
0.2952522255192878 0.3446882217090069
0.29510627780523974 0.3446882217090069
0.2949604743083004 0.3446882217090069
0.2948148148148148 0.3446882217090069
0.2946692991115499 0.3446882217090069
0.29452392698569313 0.3446882217090069
0.2948717948717949 0.34526558891454967
0.29472646623952686 0.34526558891454967
0.29458128078817736 0.34526558891454967
0.2944362383062531 0.34526558891454967
0.29429133858267714 0.34526558891454967
0.294146581406788 0.34526558891454967
0.29400196656833827 0.34526558891454967
0.29434889434889433 0.34584295612009236
0.29420432220039294 0.34584295612009236
0.29455081001472755 0.3464203233256351
0.2944062806673209 0.3464203233256351
0.2942618930848455 0.3464203233256351
0.2946078431372549 0.34699769053117785
0.29446349828515433 0.34699769053117785
0.29431929480901076 0.34699769053117785
0.2941752325012237 0.34699769053117785
0.29403131115459885 0.34699769053117785
0.2938875305623472 0.34699769053117785
0.2937438905180841 0.34699769053117785
0.2940889106008793 0.34757505773672054
0.2939453125 0.34757505773672054
0.29380185456320157 0.34757505773672054
0.29365853658536584 0.34757505773672054
0.2935153583617747 0.34757505773672054
0.29385964912280704 0.3481524249422633
0.29371651242084756 0.3481524249422633
0.29357351509250246 0.3481524249422633
0.2934306569343066 0.3481524249422633
0.29377431906614787 0.34872979214780603
0.29411764705882354 0.3493071593533487
0.29397473275024294 0.3493071593533487
0.29383195726080624 0.3493071593533487
0.2936893203883495 0.3493071593533487
0.29354682193110143 0.3493071593533487
0.2938894277400582 0.34988452655889146
0.29374697043141057 0.34988452655889146
0.2936046511627907 0.34988452655889146
0.2934624697336562 0.34988452655889146
0.2933204259438529 0.34988452655889146
0.2931785195936139 0.34988452655889146
0.293036750483559 0.34988452655889146
0.29289511841469307 0.34988452655889146
0.2927536231884058 0.34988452655889146
0.2930951231289232 0.3504618937644342
0.29295366795366795 0.3504618937644342
0.2928123492522914 0.3504618937644342
0.29315332690453233 0.3510392609699769
0.2930120481927711 0.3510392609699769
0.2928709055876686 0.3510392609699769
0.2932113625421281 0.35161662817551964
0.29307025986525503 0.35161662817551964
0.29292929292929293 0.35161662817551964
0.29278846153846155 0.35161662817551964
0.29312830370014414 0.35219399538106233
0.2929875120076849 0.35219399538106233
0.2928468554968795 0.35219399538106233
0.2927063339731286 0.35219399538106233
0.29256594724220625 0.35219399538106233
0.29242569511025884 0.35219399538106233
0.29276473406804027 0.3527713625866051
0.29262452107279696 0.3527713625866051
0.2929631402584969 0.3533487297921478
0.29282296650717704 0.3533487297921478
0.2926829268292683 0.3533487297921478
0.2925430210325048 0.3533487297921478
0.29240324892498804 0.3533487297921478
0.2922636103151863 0.3533487297921478
0.2921241050119332 0.3533487297921478
0.2919847328244275 0.3533487297921478
0.2918454935622318 0.3533487297921478
0.2917063870352717 0.3533487297921478
0.29156741305383516 0.3533487297921478
0.2914285714285714 0.3533487297921478
0.2912898619704902 0.3533487297921478
0.291151284490961 0.3533487297921478
0.29101283880171186 0.3533487297921478
0.2908745247148289 0.3533487297921478
0.29073634204275534 0.3533487297921478
0.2910731244064577 0.3539260969976905
0.29093497864261986 0.3539260969976905
0.29079696394686905 0.3539260969976905
0.29065908013276437 0.3539260969976905
0.290521327014218 0.3539260969976905
0.29038370440549505 0.3539260969976905
0.2902462121212121 0.3539260969976905
0.29010884997633696 0.3539260969976905
0.2899716177861873 0.3539260969976905
0.28983451536643023 0.3539260969976905
0.2896975425330813 0.3539260969976905
0.28956069910250354 0.3539260969976905
0.28942398489140697 0.3539260969976905
0.2897593204341671 0.35450346420323325
0.28962264150943395 0.35450346420323325
0.2894860914662895 0.35450346420323325
0.28934967012252594 0.35450346420323325
0.28921337729627883 0.35450346420323325
0.2890772128060264 0.35450346420323325
0.28894117647058826 0.35450346420323325
0.28927563499529635 0.355080831408776
0.28913963328631875 0.355080831408776
0.28900375939849626 0.355080831408776
0.2888680131517144 0.355080831408776
0.2887323943661972 0.355080831408776
0.2885969028625059 0.355080831408776
0.28846153846153844 0.355080831408776
0.2883263009845288 0.355080831408776
0.2881911902530459 0.355080831408776
0.28805620608899296 0.355080831408776
0.2883895131086142 0.3556581986143187
0.2882545624707534 0.3556581986143187
0.28811973807296537 0.3556581986143187
0.2884525479195886 0.35623556581986143
0.2883177570093458 0.35623556581986143
0.288183092013078 0.35623556581986143
0.2880485527544351 0.35623556581986143
0.28791413905739616 0.35623556581986143
0.28777985074626866 0.35623556581986143
0.28764568764568765 0.35623556581986143
0.2875116495806151 0.35623556581986143
0.28737773637633907 0.35623556581986143
0.287243947858473 0.35623556581986143
0.28711028385295484 0.35623556581986143
0.2869767441860465 0.35623556581986143
0.2868433286843329 0.35623556581986143
0.2867100371747212 0.35623556581986143
0.28657686948444033 0.35623556581986143
0.2864438254410399 0.35623556581986143
0.2863109048723898 0.35623556581986143
0.28617810760667906 0.35623556581986143
0.2860454334724154 0.35623556581986143
0.2859128822984245 0.35623556581986143
0.285780453913849 0.35623556581986143
0.28564814814814815 0.35623556581986143
0.2855159648310967 0.35623556581986143
0.28538390379278444 0.35623556581986143
0.28525196486361537 0.35623556581986143
0.28512014787430684 0.35623556581986143
0.2849884526558891 0.35623556581986143
0.2848568790397045 0.35623556581986143
0.28472542685740654 0.35623556581986143
0.2845940959409594 0.35623556581986143
0.28446288612263715 0.35623556581986143
0.28433179723502305 0.35623556581986143
0.28420082911100875 0.35623556581986143
0.28406998158379376 0.35623556581986143
0.2839392544868845 0.35623556581986143
0.28380864765409386 0.35623556581986143
0.28367816091954023 0.35623556581986143
0.2835477941176471 0.35623556581986143
0.28341754708314193 0.35623556581986143
0.283287419651056 0.35623556581986143
0.28315741165672326 0.35623556581986143
0.2830275229357798 0.35623556581986143
0.2828977533241632 0.35623556581986143
0.2827681026581118 0.35623556581986143
0.282638570774164 0.35623556581986143
0.2825091575091575 0.35623556581986143
0.28237986270022886 0.35623556581986143
0.282708142726441 0.3568129330254042
0.2825788751714678 0.3568129330254042
0.28244972577696525 0.3568129330254042
0.2823206943809959 0.3568129330254042
0.28264840182648404 0.35739030023094687
0.282519397535372 0.35739030023094687
0.2823905109489051 0.35739030023094687
0.28271773825809393 0.3579676674364896
0.28258887876025524 0.3579676674364896
0.2824601366742597 0.3579676674364896
0.28233151183970856 0.3579676674364896
0.28220300409649524 0.3579676674364896
0.2820746132848044 0.3579676674364896
0.28240109140518416 0.35854503464203236
0.2827272727272727 0.35912240184757505
0.2825988187187642 0.35912240184757505
0.28247048138056313 0.35912240184757505
0.2823422605537903 0.35912240184757505
0.2822141560798548 0.35912240184757505
0.28208616780045354 0.35912240184757505
0.28195829555757024 0.35912240184757505
0.2818305391934753 0.35912240184757505
0.2817028985507246 0.35912240184757505
0.28157537347215933 0.35912240184757505
0.2819004524886878 0.3596997690531178
0.28177295341474445 0.3596997690531178
0.28164556962025317 0.3596997690531178
0.28197017623136017 0.36027713625866054
0.28184281842818426 0.36027713625866054
0.2817155756207675 0.36027713625866054
0.2815884476534296 0.36027713625866054
0.2814614343707713 0.36027713625866054
0.2813345356176736 0.36027713625866054
0.281207751239297 0.36027713625866054
0.2810810810810811 0.36027713625866054
0.2809545249887438 0.36027713625866054
0.2808280828082808 0.36027713625866054
0.2807017543859649 0.36027713625866054
0.2805755395683453 0.36027713625866054
0.2804494382022472 0.36027713625866054
0.2803234501347709 0.36027713625866054
0.2806466097889537 0.3608545034642032
0.28052064631956913 0.3608545034642032
0.2803947958725886 0.3608545034642032
0.2802690582959641 0.3608545034642032
0.2801434334379202 0.3608545034642032
0.28046594982078854 0.36143187066974597
0.28078817733990147 0.36200923787528866
0.28066248880931066 0.36200923787528866
0.28053691275167786 0.36200923787528866
0.28041144901610016 0.36200923787528866
0.28028609745194455 0.36200923787528866
0.2801608579088472 0.36200923787528866
0.2800357302367128 0.36200923787528866
0.2799107142857143 0.36200923787528866
0.2797858099062918 0.36200923787528866
0.280107047279215 0.3625866050808314
0.2799821667409719 0.3625866050808314
0.2798573975044563 0.3625866050808314
0.2797327394209354 0.3625866050808314
0.280053428317008 0.36316397228637415
0.27992879394748554 0.36316397228637415
0.2802491103202847 0.36374133949191684
0.28012449977767895 0.36374133949191684
0.28 0.36374133949191684
0.2803198578409596 0.3643187066974596
0.2801953818827709 0.3643187066974596
0.2800710164225477 0.3643187066974596
0.27994676131322094 0.3643187066974596
0.2798226164079823 0.3643187066974596
0.2801418439716312 0.3648960739030023
0.28046078865750995 0.365473441108545
0.28033658104517273 0.365473441108545
0.28065515714918104 0.36605080831408776
0.28053097345132744 0.36605080831408776
0.28040689960194604 0.36605080831408776
0.28028293545534927 0.36605080831408776
0.2801590808661069 0.36605080831408776
0.28003533568904593 0.36605080831408776
0.27991169977924946 0.36605080831408776
0.2797881729920565 0.36605080831408776
0.27966475518306133 0.36605080831408776
0.2795414462081129 0.36605080831408776
0.2794182459233142 0.36605080831408776
0.27929515418502204 0.36605080831408776
0.27917217084984586 0.36605080831408776
0.2790492957746479 0.36605080831408776
0.278926528816542 0.36605080831408776
0.27880386983289357 0.36605080831408776
0.2786813186813187 0.36605080831408776
0.27855887521968364 0.36605080831408776
0.2784365393061045 0.36605080831408776
0.2783143107989464 0.36605080831408776
0.2781921895568232 0.36605080831408776
0.27807017543859647 0.36605080831408776
0.2779482683033757 0.36605080831408776
0.2778264680105171 0.36605080831408776
0.2781427945685502 0.3666281755196305
0.27802101576182137 0.3666281755196305
0.2778993435448578 0.3666281755196305
0.2777777777777778 0.3666281755196305
0.2780935723655444 0.3672055427251732
0.27797202797202797 0.3672055427251732
0.2778505897771953 0.3672055427251732
0.2777292576419214 0.3672055427251732
0.2776080314273243 0.3672055427251732
0.2774869109947644 0.3672055427251732
0.2773658962058439 0.3672055427251732
0.2772449869224063 0.3672055427251732
0.27712418300653596 0.3672055427251732
0.2770034843205575 0.3672055427251732
0.27688289072703526 0.3672055427251732
0.27719756309834637 0.36778290993071594
0.2770769899956503 0.36778290993071594
0.27695652173913043 0.36778290993071594
0.2768361581920904 0.36778290993071594
0.2767158992180712 0.36778290993071594
0.2765957446808511 0.36778290993071594
0.2769097222222222 0.3683602771362587
0.2767895878524946 0.3683602771362587
0.2766695576756288 0.3683602771362587
0.27698309492847856 0.3689376443418014
0.2768630849220104 0.3689376443418014
0.2771762667821568 0.3695150115473441
0.27705627705627706 0.3695150115473441
0.2773691042838598 0.37009237875288686
0.2772491349480969 0.37009237875288686
0.2771292693471682 0.37009237875288686
0.277009507346586 0.37009237875288686
0.27688984881209505 0.37009237875288686
0.2772020725388601 0.37066974595842955
0.2770824341821321 0.37066974595842955
0.27696289905090593 0.37066974595842955
0.276843467011643 0.37066974595842955
0.2767241379310345 0.37066974595842955
0.2770357604480827 0.3712471131639723
0.276916451335056 0.3712471131639723
0.2767972449418855 0.3712471131639723
0.27667814113597244 0.3712471131639723
0.27655913978494623 0.3712471131639723
0.2764402407566638 0.3712471131639723
0.27632144391920926 0.3712471131639723
0.2762027491408935 0.3712471131639723
0.27608415629025335 0.3712471131639723
0.2759656652360515 0.3712471131639723
0.27584727584727586 0.3712471131639723
0.27572898799313894 0.3712471131639723
0.2756108015430776 0.3712471131639723
0.2754927163667524 0.3712471131639723
0.27537473233404713 0.3712471131639723
0.2752568493150685 0.3712471131639723
0.27556696619597776 0.371824480369515
0.2754491017964072 0.371824480369515
0.27533133817870886 0.371824480369515
0.27521367521367524 0.371824480369515
0.27509611277231955 0.371824480369515
0.2749786507258753 0.371824480369515
0.274861288945796 0.371824480369515
0.27474402730375425 0.371824480369515
0.2746268656716418 0.371824480369515
0.27450980392156865 0.371824480369515
0.27439284192586283 0.371824480369515
0.27427597955706984 0.371824480369515
0.27415921668795235 0.371824480369515
0.274468085106383 0.37240184757505773
0.2743513398553807 0.37240184757505773
0.274234693877551 0.37240184757505773
0.27411814704632387 0.37240184757505773
0.27442650807136787 0.3729792147806005
0.2743099787685775 0.3729792147806005
0.27419354838709675 0.3729792147806005
0.27407721680101826 0.3729792147806005
0.273960983884648 0.3729792147806005
0.2738448495125053 0.3729792147806005
0.27372881355932205 0.3729792147806005
0.27361287590004235 0.3729792147806005
0.2734970364098222 0.3729792147806005
0.2733812949640288 0.3729792147806005
0.2732656514382403 0.3729792147806005
0.2731501057082452 0.3729792147806005
0.27303465765004226 0.3729792147806005
0.2733417828474863 0.37355658198614317
0.27322635135135137 0.37355658198614317
0.27353313634444915 0.3741339491916859
0.27341772151898736 0.3741339491916859
0.27330240404892453 0.3741339491916859
0.27318718381112983 0.3741339491916859
0.27307206068268014 0.3741339491916859
0.2729570345408593 0.3741339491916859
0.2728421052631579 0.3741339491916859
0.2727272727272727 0.3741339491916859
0.2726125368111064 0.3741339491916859
0.27249789739276703 0.3741339491916859
0.2723833543505675 0.3741339491916859
0.2722689075630252 0.3741339491916859
0.2721545569088618 0.3741339491916859
0.27204030226700254 0.3741339491916859
0.27192614351657574 0.3741339491916859
0.27181208053691275 0.3741339491916859
0.27169811320754716 0.3741339491916859
0.2720033528918692 0.37471131639722866
0.271889400921659 0.37471131639722866
0.27177554438860974 0.37471131639722866
0.2716617831728757 0.37471131639722866
0.2715481171548117 0.37471131639722866
0.27185278126306983 0.37528868360277134
0.2717391304347826 0.37528868360277134
0.27162557459256165 0.37528868360277134
0.2719298245614035 0.3758660508083141
0.2718162839248434 0.3758660508083141
0.2717028380634391 0.3758660508083141
0.2715894868585732 0.3758660508083141
0.2718932443703086 0.37644341801385683
0.27177990829512294 0.37644341801385683
0.27166666666666667 0.37644341801385683
0.27155351936693045 0.37644341801385683
0.2714404662781016 0.37644341801385683
0.27132750728256344 0.37644341801385683
0.27121464226289516 0.37644341801385683
0.2711018711018711 0.37644341801385683
0.2709891936824605 0.37644341801385683
0.271292064810968 0.3770207852193995
0.2711794019933555 0.3770207852193995
0.27106683271066834 0.3770207852193995
0.2713692946058091 0.37759815242494227
0.27125673994193283 0.37759815242494227
0.27114427860696516 0.37759815242494227
0.27103191048487363 0.37759815242494227
0.27091963545981773 0.37759815242494227
0.2708074534161491 0.37759815242494227
0.2706953642384106 0.37759815242494227
0.27058336781133635 0.37759815242494227
0.2708850289495451 0.378175519630485
0.270773046713518 0.378175519630485
0.27107438016528923 0.3787528868360277
0.27096241222635276 0.3787528868360277
