1.0 0.0005773672055427252
1.0 0.0011547344110854503
0.6666666666666666 0.0011547344110854503
0.75 0.0017321016166281756
0.8 0.0023094688221709007
0.6666666666666666 0.0023094688221709007
0.5714285714285714 0.0023094688221709007
0.5 0.0023094688221709007
0.5555555555555556 0.002886836027713626
0.5 0.002886836027713626
0.5454545454545454 0.003464203233256351
0.5 0.003464203233256351
0.46153846153846156 0.003464203233256351
0.42857142857142855 0.003464203233256351
0.4 0.003464203233256351
0.4375 0.0040415704387990765
0.4117647058823529 0.0040415704387990765
0.3888888888888889 0.0040415704387990765
0.42105263157894735 0.004618937644341801
0.45 0.005196304849884526
0.42857142857142855 0.005196304849884526
0.4090909090909091 0.005196304849884526
0.43478260869565216 0.005773672055427252
0.4583333333333333 0.006351039260969977
0.48 0.006928406466512702
0.5 0.007505773672055427
0.5185185185185185 0.008083140877598153
0.5 0.008083140877598153
0.4827586206896552 0.008083140877598153
0.5 0.008660508083140877
0.5161290322580645 0.009237875288683603
0.53125 0.009815242494226328
0.5151515151515151 0.009815242494226328
0.5 0.009815242494226328
0.4857142857142857 0.009815242494226328
0.4722222222222222 0.009815242494226328
0.4594594594594595 0.009815242494226328
0.47368421052631576 0.010392609699769052
0.46153846153846156 0.010392609699769052
0.45 0.010392609699769052
0.4634146341463415 0.010969976905311778
0.4523809523809524 0.010969976905311778
0.4418604651162791 0.010969976905311778
0.45454545454545453 0.011547344110854504
0.4444444444444444 0.011547344110854504
0.45652173913043476 0.01212471131639723
0.44680851063829785 0.01212471131639723
0.4375 0.01212471131639723
0.4489795918367347 0.012702078521939953
0.44 0.012702078521939953
0.45098039215686275 0.013279445727482679
0.4423076923076923 0.013279445727482679
0.4528301886792453 0.013856812933025405
0.46296296296296297 0.014434180138568129
0.4727272727272727 0.015011547344110854
0.48214285714285715 0.01558891454965358
0.47368421052631576 0.01558891454965358
0.46551724137931033 0.01558891454965358
0.4745762711864407 0.016166281755196306
0.48333333333333334 0.01674364896073903
0.47540983606557374 0.01674364896073903
0.46774193548387094 0.01674364896073903
0.4603174603174603 0.01674364896073903
0.46875 0.017321016166281754
0.47692307692307695 0.01789838337182448
0.4696969696969697 0.01789838337182448
0.4626865671641791 0.01789838337182448
0.47058823529411764 0.018475750577367205
0.463768115942029 0.018475750577367205
0.45714285714285713 0.018475750577367205
0.4647887323943662 0.01905311778290993
0.4583333333333333 0.01905311778290993
0.4657534246575342 0.019630484988452657
0.47297297297297297 0.02020785219399538
0.48 0.020785219399538105
0.4868421052631579 0.021362586605080832
0.4805194805194805 0.021362586605080832
0.47435897435897434 0.021362586605080832
0.46835443037974683 0.021362586605080832
0.475 0.021939953810623556
0.48148148148148145 0.022517321016166283
0.47560975609756095 0.022517321016166283
0.4819277108433735 0.023094688221709007
0.47619047619047616 0.023094688221709007
0.4823529411764706 0.02367205542725173
0.4883720930232558 0.02424942263279446
0.4827586206896552 0.02424942263279446
0.48863636363636365 0.024826789838337183
0.4943820224719101 0.025404157043879907
0.4888888888888889 0.025404157043879907
0.4945054945054945 0.025981524249422634
0.5 0.026558891454965358
0.4946236559139785 0.026558891454965358
0.48936170212765956 0.026558891454965358
0.49473684210526314 0.027136258660508082
0.4895833333333333 0.027136258660508082
0.4845360824742268 0.027136258660508082
0.47959183673469385 0.027136258660508082
0.48484848484848486 0.02771362586605081
0.49 0.028290993071593534
0.49504950495049505 0.028868360277136258
0.5 0.029445727482678985
0.49514563106796117 0.029445727482678985
0.5 0.03002309468822171
0.5047619047619047 0.030600461893764433
0.5 0.030600461893764433
0.4953271028037383 0.030600461893764433
0.49074074074074076 0.030600461893764433
0.4954128440366973 0.03117782909930716
0.5 0.03175519630484989
0.5045045045045045 0.03233256351039261
0.5 0.03233256351039261
0.504424778761062 0.032909930715935336
0.5 0.032909930715935336
0.4956521739130435 0.032909930715935336
0.5 0.03348729792147806
0.49572649572649574 0.03348729792147806
0.5 0.034064665127020784
0.4957983193277311 0.034064665127020784
0.49166666666666664 0.034064665127020784
0.48760330578512395 0.034064665127020784
0.48360655737704916 0.034064665127020784
0.4878048780487805 0.03464203233256351
0.49193548387096775 0.03521939953810624
0.488 0.03521939953810624
0.49206349206349204 0.03579676674364896
0.49606299212598426 0.036374133949191687
0.5 0.03695150115473441
0.5038759689922481 0.037528868360277134
0.5 0.037528868360277134
0.5038167938931297 0.03810623556581986
0.5075757575757576 0.03868360277136259
0.5037593984962406 0.03868360277136259
0.5074626865671642 0.03926096997690531
0.5037037037037037 0.03926096997690531
0.5073529411764706 0.03983833718244804
0.5109489051094891 0.04041570438799076
0.5144927536231884 0.040993071593533485
0.5107913669064749 0.040993071593533485
0.5142857142857142 0.04157043879907621
0.5177304964539007 0.04214780600461894
0.5211267605633803 0.042725173210161664
0.5244755244755245 0.04330254041570439
0.5277777777777778 0.04387990762124711
0.5241379310344828 0.04387990762124711
0.5205479452054794 0.04387990762124711
0.5170068027210885 0.04387990762124711
0.5202702702702703 0.044457274826789836
0.5234899328859061 0.04503464203233257
0.5266666666666666 0.04561200923787529
0.5231788079470199 0.04561200923787529
0.5263157894736842 0.046189376443418015
0.5294117647058824 0.04676674364896074
0.525974025974026 0.04676674364896074
0.5290322580645161 0.04734411085450346
0.532051282051282 0.04792147806004619
0.535031847133758 0.04849884526558892
0.5379746835443038 0.04907621247113164
0.5408805031446541 0.049653579676674366
0.5375 0.049653579676674366
0.5403726708074534 0.05023094688221709
0.5370370370370371 0.05023094688221709
0.5398773006134969 0.050808314087759814
0.5365853658536586 0.050808314087759814
0.5393939393939394 0.05138568129330254
0.5421686746987951 0.05196304849884527
0.5449101796407185 0.05254041570438799
0.5476190476190477 0.053117782909930716
0.5502958579881657 0.05369515011547344
0.5470588235294118 0.05369515011547344
0.5497076023391813 0.054272517321016164
0.5465116279069767 0.054272517321016164
0.5491329479768786 0.05484988452655889
0.5517241379310345 0.05542725173210162
0.5542857142857143 0.05600461893764434
0.5511363636363636 0.05600461893764434
0.5480225988700564 0.05600461893764434
0.5449438202247191 0.05600461893764434
0.547486033519553 0.05658198614318707
0.55 0.05715935334872979
0.5524861878453039 0.057736720554272515
0.554945054945055 0.05831408775981524
0.5519125683060109 0.05831408775981524
0.5543478260869565 0.05889145496535797
0.5513513513513514 0.05889145496535797
0.553763440860215 0.059468822170900694
0.5508021390374331 0.059468822170900694
0.5531914893617021 0.06004618937644342
0.5555555555555556 0.06062355658198614
0.5578947368421052 0.061200923787528866
0.5549738219895288 0.061200923787528866
0.5520833333333334 0.061200923787528866
0.5492227979274611 0.061200923787528866
0.5515463917525774 0.0617782909930716
0.5538461538461539 0.06235565819861432
0.5510204081632653 0.06235565819861432
0.5532994923857868 0.06293302540415704
0.5505050505050505 0.06293302540415704
0.5477386934673367 0.06293302540415704
0.55 0.06351039260969978
0.5472636815920398 0.06351039260969978
0.5445544554455446 0.06351039260969978
0.541871921182266 0.06351039260969978
0.5441176470588235 0.06408775981524249
0.5414634146341464 0.06408775981524249
0.5436893203883495 0.06466512702078522
0.5410628019323671 0.06466512702078522
0.5432692307692307 0.06524249422632794
0.5406698564593302 0.06524249422632794
0.5380952380952381 0.06524249422632794
0.5402843601895735 0.06581986143187067
0.5377358490566038 0.06581986143187067
0.539906103286385 0.06639722863741339
0.5420560747663551 0.06697459584295612
0.5395348837209303 0.06697459584295612
0.5370370370370371 0.06697459584295612
0.5345622119815668 0.06697459584295612
0.5321100917431193 0.06697459584295612
0.5296803652968036 0.06697459584295612
0.5272727272727272 0.06697459584295612
0.5294117647058824 0.06755196304849885
0.527027027027027 0.06755196304849885
0.5246636771300448 0.06755196304849885
0.5267857142857143 0.06812933025404157
0.5288888888888889 0.0687066974595843
0.5309734513274337 0.06928406466512702
0.5286343612334802 0.06928406466512702
0.5307017543859649 0.06986143187066975
0.5327510917030568 0.07043879907621248
0.5304347826086957 0.07043879907621248
0.5281385281385281 0.07043879907621248
0.5301724137931034 0.0710161662817552
0.5321888412017167 0.07159353348729793
0.5299145299145299 0.07159353348729793
0.5276595744680851 0.07159353348729793
0.5254237288135594 0.07159353348729793
0.5232067510548524 0.07159353348729793
0.5252100840336135 0.07217090069284064
0.5271966527196653 0.07274826789838337
0.5291666666666667 0.07332563510392609
0.5311203319502075 0.07390300230946882
0.5330578512396694 0.07448036951501155
0.5308641975308642 0.07448036951501155
0.5286885245901639 0.07448036951501155
0.5265306122448979 0.07448036951501155
0.5284552845528455 0.07505773672055427
0.5263157894736842 0.07505773672055427
0.5241935483870968 0.07505773672055427
0.5220883534136547 0.07505773672055427
0.52 0.07505773672055427
0.5179282868525896 0.07505773672055427
0.5198412698412699 0.075635103926097
0.5177865612648221 0.075635103926097
0.5196850393700787 0.07621247113163972
0.5176470588235295 0.07621247113163972
0.515625 0.07621247113163972
0.5136186770428015 0.07621247113163972
0.5155038759689923 0.07678983833718245
0.5173745173745173 0.07736720554272518
0.5153846153846153 0.07736720554272518
0.5172413793103449 0.0779445727482679
0.5190839694656488 0.07852193995381063
0.5171102661596958 0.07852193995381063
0.5151515151515151 0.07852193995381063
0.5169811320754717 0.07909930715935334
0.5150375939849624 0.07909930715935334
0.5131086142322098 0.07909930715935334
0.5111940298507462 0.07909930715935334
0.5092936802973977 0.07909930715935334
0.5074074074074074 0.07909930715935334
0.5092250922509225 0.07967667436489607
0.5073529411764706 0.07967667436489607
0.5091575091575091 0.0802540415704388
0.5072992700729927 0.0802540415704388
0.5054545454545455 0.0802540415704388
0.5072463768115942 0.08083140877598152
0.5090252707581228 0.08140877598152425
0.5107913669064749 0.08198614318706697
0.5125448028673835 0.0825635103926097
0.5107142857142857 0.0825635103926097
0.5088967971530249 0.0825635103926097
0.5070921985815603 0.0825635103926097
0.508833922261484 0.08314087759815242
0.5070422535211268 0.08314087759815242
0.5087719298245614 0.08371824480369515
0.506993006993007 0.08371824480369515
0.5087108013937283 0.08429561200923788
0.5069444444444444 0.08429561200923788
0.5051903114186851 0.08429561200923788
0.506896551724138 0.0848729792147806
0.5085910652920962 0.08545034642032333
0.5068493150684932 0.08545034642032333
0.5085324232081911 0.08602771362586605
0.5068027210884354 0.08602771362586605
0.5050847457627119 0.08602771362586605
0.5033783783783784 0.08602771362586605
0.5050505050505051 0.08660508083140878
0.5033557046979866 0.08660508083140878
0.5016722408026756 0.08660508083140878
0.5 0.08660508083140878
0.5016611295681063 0.08718244803695151
0.5033112582781457 0.08775981524249422
0.504950495049505 0.08833718244803695
0.506578947368421 0.08891454965357967
0.5081967213114754 0.0894919168591224
0.5065359477124183 0.0894919168591224
0.504885993485342 0.0894919168591224
0.5032467532467533 0.0894919168591224
0.5048543689320388 0.09006928406466513
0.5064516129032258 0.09064665127020785
0.5080385852090032 0.09122401847575058
0.5064102564102564 0.09122401847575058
0.5047923322683706 0.09122401847575058
0.5031847133757962 0.09122401847575058
0.5047619047619047 0.0918013856812933
0.5031645569620253 0.0918013856812933
0.501577287066246 0.0918013856812933
0.5031446540880503 0.09237875288683603
0.5015673981191222 0.09237875288683603
0.503125 0.09295612009237875
0.5046728971962616 0.09353348729792148
0.5062111801242236 0.09411085450346421
0.5046439628482973 0.09411085450346421
0.5061728395061729 0.09468822170900693
0.5076923076923077 0.09526558891454966
0.5061349693251533 0.09526558891454966
0.5045871559633027 0.09526558891454966
0.5060975609756098 0.09584295612009237
0.5045592705167173 0.09584295612009237
0.5060606060606061 0.0964203233256351
0.5075528700906344 0.09699769053117784
0.5090361445783133 0.09757505773672055
0.5105105105105106 0.09815242494226328
0.5089820359281437 0.09815242494226328
0.5104477611940299 0.098729792147806
0.5089285714285714 0.098729792147806
0.5103857566765578 0.09930715935334873
0.5118343195266272 0.09988452655889145
0.5132743362831859 0.10046189376443418
0.5147058823529411 0.10103926096997691
0.5161290322580645 0.10161662817551963
0.5175438596491229 0.10219399538106236
0.5160349854227405 0.10219399538106236
0.5174418604651163 0.10277136258660508
0.5159420289855072 0.10277136258660508
0.5144508670520231 0.10277136258660508
0.5129682997118156 0.10277136258660508
0.5114942528735632 0.10277136258660508
0.5100286532951289 0.10277136258660508
0.5114285714285715 0.1033487297921478
0.5128205128205128 0.10392609699769054
0.5142045454545454 0.10450346420323325
0.5127478753541076 0.10450346420323325
0.5112994350282486 0.10450346420323325
0.5098591549295775 0.10450346420323325
0.5084269662921348 0.10450346420323325
0.5098039215686274 0.10508083140877598
0.5111731843575419 0.1056581986143187
0.5097493036211699 0.1056581986143187
0.5083333333333333 0.1056581986143187
0.5069252077562327 0.1056581986143187
0.5082872928176796 0.10623556581986143
0.5068870523415978 0.10623556581986143
0.5054945054945055 0.10623556581986143
0.5041095890410959 0.10623556581986143
0.5027322404371585 0.10623556581986143
0.5013623978201635 0.10623556581986143
0.5 0.10623556581986143
0.4986449864498645 0.10623556581986143
0.4972972972972973 0.10623556581986143
0.49595687331536387 0.10623556581986143
0.49731182795698925 0.10681293302540416
0.4959785522788204 0.10681293302540416
0.49732620320855614 0.10739030023094688
0.496 0.10739030023094688
0.4946808510638298 0.10739030023094688
0.4960212201591512 0.10796766743648961
0.4973544973544973 0.10854503464203233
0.49868073878627966 0.10912240184757506
0.49736842105263157 0.10912240184757506
0.49606299212598426 0.10912240184757506
0.49476439790575916 0.10912240184757506
0.4934725848563969 0.10912240184757506
0.4947916666666667 0.10969976905311778
0.4935064935064935 0.10969976905311778
0.4948186528497409 0.11027713625866051
0.49612403100775193 0.11085450346420324
0.4948453608247423 0.11085450346420324
0.493573264781491 0.11085450346420324
0.4948717948717949 0.11143187066974596
0.4961636828644501 0.11200923787528869
0.49489795918367346 0.11200923787528869
0.49363867684478374 0.11200923787528869
0.49238578680203043 0.11200923787528869
0.4911392405063291 0.11200923787528869
0.4898989898989899 0.11200923787528869
0.48866498740554154 0.11200923787528869
0.48743718592964824 0.11200923787528869
0.48621553884711777 0.11200923787528869
0.485 0.11200923787528869
0.486284289276808 0.1125866050808314
0.48507462686567165 0.1125866050808314
0.4838709677419355 0.1125866050808314
0.48514851485148514 0.11316397228637413
0.4839506172839506 0.11316397228637413
0.4827586206896552 0.11316397228637413
0.48157248157248156 0.11316397228637413
0.48284313725490197 0.11374133949191687
0.4841075794621027 0.11431870669745958
0.48292682926829267 0.11431870669745958
0.48175182481751827 0.11431870669745958
0.48058252427184467 0.11431870669745958
0.4794188861985472 0.11431870669745958
0.4806763285024155 0.11489607390300231
0.4795180722891566 0.11489607390300231
0.47836538461538464 0.11489607390300231
0.47961630695443647 0.11547344110854503
0.4784688995215311 0.11547344110854503
0.4797136038186158 0.11605080831408776
0.4785714285714286 0.11605080831408776
0.47980997624703087 0.11662817551963048
0.48104265402843605 0.11720554272517321
0.48226950354609927 0.11778290993071594
0.4811320754716981 0.11778290993071594
0.48 0.11778290993071594
0.4788732394366197 0.11778290993071594
0.477751756440281 0.11778290993071594
0.4766355140186916 0.11778290993071594
0.47785547785547783 0.11836027713625866
0.47674418604651164 0.11836027713625866
0.4756380510440835 0.11836027713625866
0.47453703703703703 0.11836027713625866
0.47575057736720555 0.11893764434180139
0.47465437788018433 0.11893764434180139
0.47586206896551725 0.1195150115473441
0.47706422018348627 0.12009237875288684
0.4759725400457666 0.12009237875288684
0.4748858447488584 0.12009237875288684
0.4760820045558087 0.12066974595842957
0.475 0.12066974595842957
0.47392290249433106 0.12066974595842957
0.47285067873303166 0.12066974595842957
0.4717832957110609 0.12066974595842957
0.47072072072072074 0.12066974595842957
0.4696629213483146 0.12066974595842957
0.46860986547085204 0.12066974595842957
0.46756152125279643 0.12066974595842957
0.46651785714285715 0.12066974595842957
0.46770601336302897 0.12124711316397228
0.4666666666666667 0.12124711316397228
0.4656319290465632 0.12124711316397228
0.4668141592920354 0.12182448036951501
0.46578366445916114 0.12182448036951501
0.4669603524229075 0.12240184757505773
0.46593406593406594 0.12240184757505773
0.46710526315789475 0.12297921478060046
0.4682713347921225 0.1235565819861432
0.46943231441048033 0.12413394919168591
0.47058823529411764 0.12471131639722864
0.46956521739130436 0.12471131639722864
0.47071583514099785 0.12528868360277137
0.4696969696969697 0.12528868360277137
0.468682505399568 0.12528868360277137
0.4676724137931034 0.12528868360277137
0.4666666666666667 0.12528868360277137
0.4656652360515021 0.12528868360277137
0.4668094218415418 0.1258660508083141
0.4658119658119658 0.1258660508083141
0.4669509594882729 0.1264434180138568
0.46595744680851064 0.1264434180138568
0.46496815286624205 0.1264434180138568
0.4661016949152542 0.12702078521939955
0.46511627906976744 0.12702078521939955
0.46624472573839665 0.12759815242494227
0.4652631578947368 0.12759815242494227
0.46638655462184875 0.12817551963048499
0.46540880503144655 0.12817551963048499
0.4665271966527197 0.1287528868360277
0.46555323590814196 0.1287528868360277
0.46458333333333335 0.1287528868360277
0.46361746361746364 0.1287528868360277
0.46473029045643155 0.12933025404157045
0.463768115942029 0.12933025404157045
0.46487603305785125 0.12990762124711316
0.465979381443299 0.13048498845265588
0.46502057613168724 0.13048498845265588
0.46611909650924027 0.13106235565819863
0.4651639344262295 0.13106235565819863
0.4662576687116564 0.13163972286374134
0.4673469387755102 0.13221709006928406
0.4663951120162933 0.13221709006928406
0.46747967479674796 0.13279445727482678
0.4685598377281947 0.13337182448036952
0.46963562753036436 0.13394919168591224
0.4707070707070707 0.13452655889145496
0.4717741935483871 0.1351039260969977
0.4708249496981891 0.1351039260969977
0.4718875502008032 0.13568129330254042
0.4709418837675351 0.13568129330254042
0.472 0.13625866050808313
0.47305389221556887 0.13683602771362588
0.4721115537848606 0.13683602771362588
0.4731610337972167 0.1374133949191686
0.4722222222222222 0.1374133949191686
0.47326732673267324 0.1379907621247113
0.4723320158102767 0.1379907621247113
0.4714003944773176 0.1379907621247113
0.47244094488188976 0.13856812933025403
0.4715127701375246 0.13856812933025403
0.47058823529411764 0.13856812933025403
0.46966731898238745 0.13856812933025403
0.46875 0.13856812933025403
0.4678362573099415 0.13856812933025403
0.4669260700389105 0.13856812933025403
0.4679611650485437 0.13914549653579678
0.46705426356589147 0.13914549653579678
0.4661508704061896 0.13914549653579678
0.4671814671814672 0.1397228637413395
0.4662813102119461 0.1397228637413395
0.4653846153846154 0.1397228637413395
0.46449136276391556 0.1397228637413395
0.46360153256704983 0.1397228637413395
0.4627151051625239 0.1397228637413395
0.4637404580152672 0.1403002309468822
0.46285714285714286 0.1403002309468822
0.4619771863117871 0.1403002309468822
0.4629981024667932 0.14087759815242495
0.4621212121212121 0.14087759815242495
0.4612476370510397 0.14087759815242495
0.46037735849056605 0.14087759815242495
0.4613935969868173 0.14145496535796767
0.462406015037594 0.1420323325635104
0.46153846153846156 0.1420323325635104
0.4606741573033708 0.1420323325635104
0.4616822429906542 0.1426096997690531
0.4626865671641791 0.14318706697459585
0.46368715083798884 0.14376443418013857
0.4628252788104089 0.14376443418013857
0.4619666048237477 0.14376443418013857
0.46296296296296297 0.14434180138568128
0.46210720887245843 0.14434180138568128
0.46309963099630996 0.14491916859122403
0.4622467771639042 0.14491916859122403
0.46139705882352944 0.14491916859122403
0.46238532110091746 0.14549653579676675
0.4633699633699634 0.14607390300230946
0.4625228519195612 0.14607390300230946
0.46167883211678834 0.14607390300230946
0.46265938069216755 0.14665127020785218
0.4618181818181818 0.14665127020785218
0.46098003629764067 0.14665127020785218
0.46195652173913043 0.14722863741339492
0.46112115732368897 0.14722863741339492
0.4620938628158845 0.14780600461893764
0.46126126126126127 0.14780600461893764
0.460431654676259 0.14780600461893764
0.45960502692998206 0.14780600461893764
0.45878136200716846 0.14780600461893764
0.45796064400715564 0.14780600461893764
0.45714285714285713 0.14780600461893764
0.4563279857397504 0.14780600461893764
0.4555160142348754 0.14780600461893764
0.4564831261101243 0.14838337182448036
0.45567375886524825 0.14838337182448036
0.45663716814159294 0.1489607390300231
0.4558303886925795 0.1489607390300231
0.455026455026455 0.1489607390300231
0.45422535211267606 0.1489607390300231
0.45518453427065025 0.14953810623556582
0.4543859649122807 0.14953810623556582
0.4553415061295972 0.15011547344110854
0.4562937062937063 0.15069284064665128
0.45549738219895286 0.15069284064665128
0.4564459930313589 0.151270207852194
0.45565217391304347 0.151270207852194
0.4548611111111111 0.151270207852194
0.4540727902946274 0.151270207852194
0.4532871972318339 0.151270207852194
0.4525043177892919 0.151270207852194
0.453448275862069 0.15184757505773672
0.45438898450946646 0.15242494226327943
0.45532646048109965 0.15300230946882218
0.45454545454545453 0.15300230946882218
0.4554794520547945 0.1535796766743649
0.4547008547008547 0.1535796766743649
0.4539249146757679 0.1535796766743649
0.45315161839863716 0.1535796766743649
0.4523809523809524 0.1535796766743649
0.45161290322580644 0.1535796766743649
0.45254237288135596 0.1541570438799076
0.4517766497461929 0.1541570438799076
0.4510135135135135 0.1541570438799076
0.45193929173693087 0.15473441108545036
0.45286195286195285 0.15531177829099307
0.45210084033613446 0.15531177829099307
0.45302013422818793 0.1558891454965358
0.45226130653266333 0.1558891454965358
0.451505016722408 0.1558891454965358
0.4507512520868113 0.1558891454965358
0.45 0.1558891454965358
0.4492512479201331 0.1558891454965358
0.4485049833887043 0.1558891454965358
0.44776119402985076 0.1558891454965358
0.4470198675496689 0.1558891454965358
0.4479338842975207 0.1564665127020785
0.4471947194719472 0.1564665127020785
0.44810543657331137 0.15704387990762125
0.44901315789473684 0.15762124711316397
0.4482758620689655 0.15762124711316397
0.44754098360655736 0.15762124711316397
0.44844517184942717 0.1581986143187067
0.4477124183006536 0.1581986143187067
0.4469820554649266 0.1581986143187067
0.44625407166123776 0.1581986143187067
0.44552845528455287 0.1581986143187067
0.44642857142857145 0.15877598152424943
0.44570502431118314 0.15877598152424943
0.44660194174757284 0.15935334872979215
0.44749596122778673 0.15993071593533487
0.4483870967741935 0.1605080831408776
0.4476650563607085 0.1605080831408776
0.44694533762057875 0.1605080831408776
0.4462279293739968 0.1605080831408776
0.44551282051282054 0.1605080831408776
0.4448 0.1605080831408776
0.4440894568690096 0.1605080831408776
0.4433811802232855 0.1605080831408776
0.4442675159235669 0.16108545034642033
0.4435612082670906 0.16108545034642033
0.44285714285714284 0.16108545034642033
0.4421553090332805 0.16108545034642033
0.44145569620253167 0.16108545034642033
0.44075829383886256 0.16108545034642033
0.4400630914826498 0.16108545034642033
0.4393700787401575 0.16108545034642033
0.44025157232704404 0.16166281755196305
0.43956043956043955 0.16166281755196305
0.438871473354232 0.16166281755196305
0.4381846635367762 0.16166281755196305
0.4375 0.16166281755196305
0.43681747269890797 0.16166281755196305
0.43613707165109034 0.16166281755196305
0.4370139968895801 0.16224018475750576
0.4363354037267081 0.16224018475750576
0.4372093023255814 0.1628175519630485
0.43653250773993807 0.1628175519630485
0.43585780525502316 0.1628175519630485
0.4367283950617284 0.16339491916859122
0.43605546995377503 0.16339491916859122
0.43538461538461537 0.16339491916859122
0.434715821812596 0.16339491916859122
0.4340490797546012 0.16339491916859122
0.4333843797856049 0.16339491916859122
0.4327217125382263 0.16339491916859122
0.433587786259542 0.16397228637413394
0.4344512195121951 0.16454965357967669
0.4353120243531202 0.1651270207852194
0.43465045592705165 0.1651270207852194
0.4339908952959029 0.1651270207852194
0.43333333333333335 0.1651270207852194
0.43267776096822996 0.1651270207852194
0.43202416918429004 0.1651270207852194
0.43137254901960786 0.1651270207852194
0.4322289156626506 0.16570438799076212
0.43157894736842106 0.16570438799076212
0.43243243243243246 0.16628175519630484
0.431784107946027 0.16628175519630484
0.43263473053892215 0.16685912240184758
0.4334828101644245 0.1674364896073903
0.43283582089552236 0.1674364896073903
0.43219076005961254 0.1674364896073903
0.43154761904761907 0.1674364896073903
0.4309063893016345 0.1674364896073903
0.43026706231454004 0.1674364896073903
0.42962962962962964 0.1674364896073903
0.4289940828402367 0.1674364896073903
0.42836041358936483 0.1674364896073903
0.4277286135693215 0.1674364896073903
0.4270986745213549 0.1674364896073903
0.4279411764705882 0.16801385681293302
0.4287812041116006 0.16859122401847576
0.42961876832844575 0.16916859122401848
0.4289897510980966 0.16916859122401848
0.4283625730994152 0.16916859122401848
0.4291970802919708 0.1697459584295612
0.42857142857142855 0.1697459584295612
0.4279475982532751 0.1697459584295612
0.4273255813953488 0.1697459584295612
0.4281567489114659 0.17032332563510394
0.427536231884058 0.17032332563510394
0.426917510853835 0.17032332563510394
0.4263005780346821 0.17032332563510394
0.42712842712842713 0.17090069284064666
0.42795389048991356 0.17147806004618937
0.4273381294964029 0.17147806004618937
0.4267241379310345 0.17147806004618937
0.4261119081779053 0.17147806004618937
0.42550143266475643 0.17147806004618937
0.4248927038626609 0.17147806004618937
0.4257142857142857 0.1720554272517321
0.42510699001426533 0.1720554272517321
0.42592592592592593 0.17263279445727484
0.4267425320056899 0.17321016166281755
0.42613636363636365 0.17321016166281755
0.4269503546099291 0.17378752886836027
0.42776203966005666 0.17436489607390301
0.42715700141442714 0.17436489607390301
0.4265536723163842 0.17436489607390301
0.42595204513399154 0.17436489607390301
0.4267605633802817 0.17494226327944573
0.42616033755274263 0.17494226327944573
0.425561797752809 0.17494226327944573
0.426367461430575 0.17551963048498845
0.4257703081232493 0.17551963048498845
0.42657342657342656 0.17609699769053117
0.4273743016759777 0.1766743648960739
0.4281729428172943 0.17725173210161663
0.4275766016713092 0.17725173210161663
0.42698191933240615 0.17725173210161663
0.4263888888888889 0.17725173210161663
0.42718446601941745 0.17782909930715934
0.4279778393351801 0.1784064665127021
0.42738589211618255 0.1784064665127021
0.42679558011049723 0.1784064665127021
0.4262068965517241 0.1784064665127021
0.42699724517906334 0.1789838337182448
0.4264099037138927 0.1789838337182448
0.4271978021978022 0.17956120092378752
0.4279835390946502 0.18013856812933027
0.42876712328767125 0.18071593533487298
0.42818057455540354 0.18071593533487298
0.4275956284153005 0.18071593533487298
0.42701227830832195 0.18071593533487298
0.42779291553133514 0.1812933025404157
0.4272108843537415 0.1812933025404157
0.4266304347826087 0.1812933025404157
0.42740841248303935 0.18187066974595842
0.4268292682926829 0.18187066974595842
0.42625169147496617 0.18187066974595842
0.42702702702702705 0.18244803695150116
0.42645074224021595 0.18244803695150116
0.4272237196765499 0.18302540415704388
0.42799461641991926 0.1836027713625866
0.42876344086021506 0.18418013856812934
0.42818791946308726 0.18418013856812934
0.42761394101876676 0.18418013856812934
0.428380187416332 0.18475750577367206
0.42780748663101603 0.18475750577367206
0.4272363150867824 0.18475750577367206
0.4266666666666667 0.18475750577367206
0.4274300932090546 0.18533487297921478
0.42686170212765956 0.18533487297921478
0.4262948207171315 0.18533487297921478
0.42572944297082227 0.18533487297921478
0.4251655629139073 0.18533487297921478
0.4246031746031746 0.18533487297921478
0.4240422721268164 0.18533487297921478
0.4234828496042216 0.18533487297921478
0.42292490118577075 0.18533487297921478
0.42236842105263156 0.18533487297921478
0.42181340341655715 0.18533487297921478
0.4225721784776903 0.1859122401847575
0.4233289646133683 0.18648960739030024
0.42408376963350786 0.18706697459584296
0.4235294117647059 0.18706697459584296
0.42428198433420367 0.18764434180138567
0.42503259452411996 0.18822170900692842
0.4244791666666667 0.18822170900692842
0.42392717815344605 0.18822170900692842
0.42337662337662335 0.18822170900692842
0.42412451361867703 0.18879907621247113
0.42487046632124353 0.18937644341801385
0.4243208279430789 0.18937644341801385
0.42506459948320413 0.18995381062355657
0.42451612903225805 0.18995381062355657
0.42396907216494845 0.18995381062355657
0.42342342342342343 0.18995381062355657
0.42287917737789205 0.18995381062355657
0.42233632862644416 0.18995381062355657
0.4217948717948718 0.18995381062355657
0.4212548015364917 0.18995381062355657
0.4219948849104859 0.1905311778290993
0.421455938697318 0.1905311778290993
0.42091836734693877 0.1905311778290993
0.42038216560509556 0.1905311778290993
0.4198473282442748 0.1905311778290993
0.4193138500635324 0.1905311778290993
0.4200507614213198 0.19110854503464203
0.41951837769328265 0.19110854503464203
0.4189873417721519 0.19110854503464203
0.41845764854614415 0.19110854503464203
0.41919191919191917 0.19168591224018475
0.41866330390920553 0.19168591224018475
0.4181360201511335 0.19168591224018475
0.4176100628930818 0.19168591224018475
0.4183417085427136 0.1922632794457275
0.4178168130489335 0.1922632794457275
0.41729323308270677 0.1922632794457275
0.4167709637046308 0.1922632794457275
0.41625 0.1922632794457275
0.4157303370786517 0.1922632794457275
0.415211970074813 0.1922632794457275
0.41469489414694893 0.1922632794457275
0.4154228855721393 0.1928406466512702
0.4161490683229814 0.19341801385681293
0.41563275434243174 0.19341801385681293
0.41511771995043373 0.19341801385681293
0.4146039603960396 0.19341801385681293
0.41409147095179233 0.19341801385681293
0.41358024691358025 0.19341801385681293
0.4130702836004932 0.19341801385681293
0.4125615763546798 0.19341801385681293
0.4132841328413284 0.19399538106235567
0.41277641277641275 0.19399538106235567
0.41226993865030676 0.19399538106235567
0.4117647058823529 0.19399538106235567
0.4112607099143207 0.19399538106235567
0.41075794621026895 0.19399538106235567
0.41147741147741146 0.1945727482678984
0.4121951219512195 0.1951501154734411
0.41169305724725946 0.1951501154734411
0.41119221411192214 0.1951501154734411
0.4106925880923451 0.1951501154734411
0.41019417475728154 0.1951501154734411
0.40969696969696967 0.1951501154734411
0.4092009685230024 0.1951501154734411
0.40870616686819833 0.1951501154734411
0.40942028985507245 0.19572748267898382
0.4101326899879373 0.19630484988452657
0.40963855421686746 0.19630484988452657
0.4091456077015644 0.19630484988452657
0.40865384615384615 0.19630484988452657
0.40936374549819926 0.19688221709006928
0.4088729016786571 0.19688221709006928
0.40838323353293415 0.19688221709006928
0.40789473684210525 0.19688221709006928
0.4074074074074074 0.19688221709006928
0.40692124105011934 0.19688221709006928
0.4064362336114422 0.19688221709006928
0.40714285714285714 0.197459584295612
0.40665873959571935 0.197459584295612
0.40617577197149646 0.197459584295612
0.40569395017793597 0.197459584295612
0.40639810426540285 0.19803695150115475
0.40710059171597635 0.19861431870669746
0.4066193853427896 0.19861431870669746
0.40613931523022434 0.19861431870669746
0.4056603773584906 0.19861431870669746
0.40518256772673733 0.19861431870669746
0.4047058823529412 0.19861431870669746
0.40423031727379555 0.19861431870669746
0.40375586854460094 0.19861431870669746
0.40328253223915594 0.19861431870669746
0.40398126463700235 0.19919168591224018
0.40350877192982454 0.19919168591224018
0.40420560747663553 0.1997690531177829
0.4049008168028005 0.20034642032332564
0.40442890442890445 0.20034642032332564
0.4051222351571595 0.20092378752886836
0.4046511627906977 0.20092378752886836
0.40418118466898956 0.20092378752886836
0.4037122969837587 0.20092378752886836
0.40324449594438005 0.20092378752886836
0.4027777777777778 0.20092378752886836
0.4023121387283237 0.20092378752886836
0.4018475750577367 0.20092378752886836
0.4013840830449827 0.20092378752886836
0.402073732718894 0.20150115473441108
0.4016110471806674 0.20150115473441108
0.4011494252873563 0.20150115473441108
0.4018369690011481 0.20207852193995382
0.4013761467889908 0.20207852193995382
0.4009163802978236 0.20207852193995382
0.40160183066361554 0.20265588914549654
0.40114285714285713 0.20265588914549654
0.4006849315068493 0.20265588914549654
0.40022805017103763 0.20265588914549654
0.4009111617312073 0.20323325635103925
0.4004550625711035 0.20323325635103925
0.4 0.20323325635103925
0.3995459704880817 0.20323325635103925
0.39909297052154197 0.20323325635103925
0.39977349943374857 0.203810623556582
0.4004524886877828 0.20438799076212472
0.4 0.20438799076212472
0.39954853273137697 0.20438799076212472
0.399098083427283 0.20438799076212472
0.39864864864864863 0.20438799076212472
0.3982002249718785 0.20438799076212472
0.39775280898876403 0.20438799076212472
0.39730639730639733 0.20438799076212472
0.39798206278026904 0.20496535796766743
0.3986562150055991 0.20554272517321015
0.3982102908277405 0.20554272517321015
0.39776536312849164 0.20554272517321015
0.39732142857142855 0.20554272517321015
0.39687848383500557 0.20554272517321015
0.39643652561247217 0.20554272517321015
0.39599555061179087 0.20554272517321015
0.39555555555555555 0.20554272517321015
0.39622641509433965 0.2061200923787529
0.39578713968957874 0.2061200923787529
0.3953488372093023 0.2061200923787529
0.39491150442477874 0.2061200923787529
0.39447513812154694 0.2061200923787529
0.39403973509933776 0.2061200923787529
0.3947078280044101 0.2066974595842956
0.394273127753304 0.2066974595842956
0.39383938393839385 0.2066974595842956
0.3934065934065934 0.2066974595842956
0.3929747530186608 0.2066974595842956
0.3925438596491228 0.2066974595842956
0.39211391018619934 0.2066974595842956
0.3916849015317287 0.2066974595842956
0.3912568306010929 0.2066974595842956
0.39082969432314413 0.2066974595842956
0.3904034896401309 0.2066974595842956
0.3899782135076253 0.2066974595842956
0.3906420021762786 0.20727482678983833
0.391304347826087 0.20785219399538107
0.39087947882736157 0.20785219399538107
0.39045553145336226 0.20785219399538107
0.39003250270855905 0.20785219399538107
0.38961038961038963 0.20785219399538107
0.3891891891891892 0.20785219399538107
0.38876889848812096 0.20785219399538107
0.3883495145631068 0.20785219399538107
0.3879310344827586 0.20785219399538107
0.38751345532831 0.20785219399538107
0.3881720430107527 0.2084295612009238
0.38882921589688507 0.2090069284064665
0.388412017167382 0.2090069284064665
0.3879957127545552 0.2090069284064665
0.3875802997858672 0.2090069284064665
0.3871657754010695 0.2090069284064665
0.38675213675213677 0.2090069284064665
0.3863393810032017 0.2090069284064665
0.3859275053304904 0.2090069284064665
0.3865814696485623 0.20958429561200922
0.3861702127659574 0.20958429561200922
0.38575982996811903 0.20958429561200922
0.3853503184713376 0.20958429561200922
0.3860021208907741 0.21016166281755197
0.3866525423728814 0.2107390300230947
0.3862433862433862 0.2107390300230947
0.3858350951374207 0.2107390300230947
0.38542766631467795 0.2107390300230947
0.3860759493670886 0.2113163972286374
0.3856691253951528 0.2113163972286374
0.38526315789473686 0.2113163972286374
0.38485804416403785 0.2113163972286374
0.3855042016806723 0.21189376443418015
0.3861490031479538 0.21247113163972287
0.3857442348008386 0.21247113163972287
0.38534031413612563 0.21247113163972287
0.38493723849372385 0.21247113163972287
0.38557993730407525 0.21304849884526558
0.38517745302713985 0.21304849884526558
0.38477580813347234 0.21304849884526558
0.384375 0.21304849884526558
0.3839750260145682 0.21304849884526558
0.38357588357588357 0.21304849884526558
0.38317757009345793 0.21304849884526558
0.38278008298755184 0.21304849884526558
0.38238341968911915 0.21304849884526558
0.38198757763975155 0.21304849884526558
0.3815925542916236 0.21304849884526558
0.381198347107438 0.21304849884526558
0.38080495356037153 0.21304849884526558
0.38144329896907214 0.21362586605080833
0.38105046343975285 0.21362586605080833
0.38065843621399176 0.21362586605080833
0.3802672147995889 0.21362586605080833
0.3809034907597536 0.21420323325635104
0.38051282051282054 0.21420323325635104
0.3801229508196721 0.21420323325635104
0.3797338792221085 0.21420323325635104
0.37934560327198363 0.21420323325635104
0.37895812053115424 0.21420323325635104
0.37857142857142856 0.21420323325635104
0.37920489296636084 0.21478060046189376
0.3788187372708758 0.21478060046189376
0.37843336724313326 0.21478060046189376
0.3780487804878049 0.21478060046189376
0.3786802030456853 0.21535796766743648
0.37829614604462475 0.21535796766743648
0.3779128672745694 0.21535796766743648
0.3785425101214575 0.21593533487297922
0.378159757330637 0.21593533487297922
0.37777777777777777 0.21593533487297922
0.3773965691220989 0.21593533487297922
0.37701612903225806 0.21593533487297922
0.3766364551863041 0.21593533487297922
0.3762575452716298 0.21593533487297922
0.3758793969849246 0.21593533487297922
0.3755020080321285 0.21593533487297922
0.37512537612838515 0.21593533487297922
0.374749498997996 0.21593533487297922
0.3743743743743744 0.21593533487297922
0.374 0.21593533487297922
0.37462537462537465 0.21651270207852194
0.37425149700598803 0.21651270207852194
0.3748753738783649 0.21709006928406466
0.3745019920318725 0.21709006928406466
0.37512437810945276 0.2176674364896074
0.3757455268389662 0.21824480369515012
0.3753723932472691 0.21824480369515012
0.375 0.21824480369515012
0.37561942517343905 0.21882217090069284
0.37524752475247525 0.21882217090069284
0.37487636003956476 0.21882217090069284
0.37549407114624506 0.21939953810623555
0.3761105626850938 0.2199769053117783
0.3757396449704142 0.2199769053117783
0.3753694581280788 0.2199769053117783
0.375 0.2199769053117783
0.3746312684365782 0.2199769053117783
0.3742632612966601 0.2199769053117783
0.37389597644749756 0.2199769053117783
0.3735294117647059 0.2199769053117783
0.3731635651322233 0.2199769053117783
0.37279843444227007 0.2199769053117783
0.3724340175953079 0.2199769053117783
0.373046875 0.22055427251732102
0.37365853658536585 0.22113163972286373
0.3732943469785575 0.22113163972286373
0.3729308666017527 0.22113163972286373
0.3735408560311284 0.22170900692840648
0.3741496598639456 0.2222863741339492
0.3737864077669903 0.2222863741339492
0.3734238603297769 0.2222863741339492
0.37306201550387597 0.2222863741339492
0.3727008712487899 0.2222863741339492
0.3733075435203095 0.2228637413394919
0.37294685990338167 0.2228637413394919
0.37258687258687256 0.2228637413394919
0.37319189971070393 0.22344110854503466
0.3737957610789981 0.22401847575057737
0.3734359961501444 0.22401847575057737
0.3730769230769231 0.22401847575057737
0.37271853986551395 0.22401847575057737
0.3723608445297505 0.22401847575057737
0.3720038350910834 0.22401847575057737
0.3716475095785441 0.22401847575057737
0.3722488038277512 0.2245958429561201
0.372848948374761 0.2251732101616628
0.37249283667621774 0.2251732101616628
0.37213740458015265 0.2251732101616628
0.37273593898951385 0.22575057736720555
0.37238095238095237 0.22575057736720555
0.3720266412940057 0.22575057736720555
0.37167300380228135 0.22575057736720555
0.37132003798670465 0.22575057736720555
0.3709677419354839 0.22575057736720555
0.3706161137440758 0.22575057736720555
0.3702651515151515 0.22575057736720555
0.3708609271523179 0.22632794457274827
0.3705103969754253 0.22632794457274827
0.37016052880075545 0.22632794457274827
0.36981132075471695 0.22632794457274827
0.3704052780395853 0.22690531177829099
0.3700564971751412 0.22690531177829099
0.36970837253057387 0.22690531177829099
0.3693609022556391 0.22690531177829099
0.36901408450704226 0.22690531177829099
0.36866791744840527 0.22690531177829099
0.3692596063730084 0.22748267898383373
0.36891385767790263 0.22748267898383373
0.3695042095416277 0.22806004618937645
0.3691588785046729 0.22806004618937645
0.3697478991596639 0.22863741339491916
0.3694029850746269 0.22863741339491916
0.36905871388630007 0.22863741339491916
0.3687150837988827 0.22863741339491916
0.3683720930232558 0.22863741339491916
0.3680297397769517 0.22863741339491916
0.36768802228412256 0.22863741339491916
0.3673469387755102 0.22863741339491916
0.3670064874884152 0.22863741339491916
0.3675925925925926 0.22921478060046188
0.36725254394079554 0.22921478060046188
0.36691312384473196 0.22921478060046188
0.36657433056325023 0.22921478060046188
0.3671586715867159 0.22979214780600463
0.36682027649769583 0.22979214780600463
0.3664825046040516 0.22979214780600463
0.36614535418583255 0.22979214780600463
0.36672794117647056 0.23036951501154734
0.36639118457300274 0.23036951501154734
0.3660550458715596 0.23036951501154734
0.36571952337305225 0.23036951501154734
0.36538461538461536 0.23036951501154734
0.3650503202195791 0.23036951501154734
0.3647166361974406 0.23036951501154734
0.3643835616438356 0.23036951501154734
0.36405109489051096 0.23036951501154734
0.3637192342752963 0.23036951501154734
0.36429872495446264 0.23094688221709006
0.36396724294813465 0.23094688221709006
0.36363636363636365 0.23094688221709006
0.36330608537693004 0.23094688221709006
0.36388384754990927 0.2315242494226328
0.36355394378966455 0.2315242494226328
0.3632246376811594 0.2315242494226328
0.36289592760180994 0.2315242494226328
0.36256781193490056 0.2315242494226328
0.36224028906955735 0.2315242494226328
0.361913357400722 0.2315242494226328
0.36158701532912535 0.2315242494226328
0.3621621621621622 0.23210161662817552
0.36183618361836184 0.23210161662817552
0.36151079136690645 0.23210161662817552
0.3611859838274933 0.23210161662817552
0.3608617594254937 0.23210161662817552
0.36053811659192825 0.23210161662817552
0.3602150537634409 0.23210161662817552
0.35989256938227393 0.23210161662817552
0.3595706618962433 0.23210161662817552
0.35924932975871315 0.23210161662817552
0.35892857142857143 0.23210161662817552
0.35950044603033005 0.23267898383371824
0.3600713012477718 0.23325635103926096
0.3597506678539626 0.23325635103926096
0.3594306049822064 0.23325635103926096
0.3591111111111111 0.23325635103926096
0.35879218472468916 0.23325635103926096
0.35847382431233366 0.23325635103926096
0.35815602836879434 0.23325635103926096
0.35783879539415414 0.23325635103926096
0.35752212389380533 0.23325635103926096
0.3572060123784262 0.23325635103926096
0.3568904593639576 0.23325635103926096
0.35657546337157986 0.23325635103926096
0.35714285714285715 0.2338337182448037
0.3568281938325991 0.2338337182448037
0.3573943661971831 0.23441108545034642
0.357080035180299 0.23441108545034642
0.35764499121265375 0.23498845265588914
0.35733099209833186 0.23498845265588914
0.3570175438596491 0.23498845265588914
0.3567046450482033 0.23498845265588914
0.3563922942206655 0.23498845265588914
0.3560804899387577 0.23498845265588914
0.35664335664335667 0.23556581986143188
0.3572052401746725 0.2361431870669746
0.3568935427574171 0.2361431870669746
0.35745422842197033 0.23672055427251731
0.35801393728222997 0.23729792147806006
0.3577023498694517 0.23729792147806006
0.35739130434782607 0.23729792147806006
0.35708079930495223 0.23729792147806006
0.3567708333333333 0.23729792147806006
0.3564614050303556 0.23729792147806006
0.3561525129982669 0.23729792147806006
0.35584415584415585 0.23729792147806006
0.356401384083045 0.23787528868360278
0.35695764909248057 0.2384526558891455
0.35664939550949915 0.2384526558891455
0.35634167385677307 0.2384526558891455
0.3560344827586207 0.2384526558891455
0.35572782084409993 0.2384526558891455
0.35542168674698793 0.2384526558891455
0.355116079105761 0.2384526558891455
0.3548109965635739 0.2384526558891455
0.35450643776824037 0.2384526558891455
0.3542024013722127 0.2384526558891455
0.35475578406169667 0.2390300230946882
0.3544520547945205 0.2390300230946882
0.3541488451668092 0.2390300230946882
0.3547008547008547 0.23960739030023095
0.35439795046968403 0.23960739030023095
0.35409556313993173 0.23960739030023095
0.3546462063086104 0.24018475750577367
0.3543441226575809 0.24018475750577367
0.35404255319148936 0.24018475750577367
0.35374149659863946 0.24018475750577367
0.35344095157179267 0.24018475750577367
0.3531409168081494 0.24018475750577367
0.35368956743002544 0.2407621247113164
0.35338983050847456 0.2407621247113164
0.3539373412362405 0.24133949191685913
0.3536379018612521 0.24133949191685913
0.3533389687235841 0.24133949191685913
0.3530405405405405 0.24133949191685913
0.3527426160337553 0.24133949191685913
0.3524451939291737 0.24133949191685913
0.35214827295703455 0.24133949191685913
0.35185185185185186 0.24133949191685913
0.351555929352397 0.24133949191685913
0.3521008403361345 0.24191685912240185
0.3518052057094878 0.24191685912240185
0.35151006711409394 0.24191685912240185
0.3520536462699078 0.24249422632794457
0.35175879396984927 0.24249422632794457
0.3514644351464435 0.24249422632794457
0.3511705685618729 0.24249422632794457
0.3517126148705096 0.24307159353348728
0.35141903171953254 0.24307159353348728
0.3511259382819016 0.24307159353348728
0.35083333333333333 0.24307159353348728
0.350541215653622 0.24307159353348728
0.3502495840266223 0.24307159353348728
0.34995843724023273 0.24307159353348728
0.3496677740863787 0.24307159353348728
0.34937759336099583 0.24307159353348728
0.3490878938640133 0.24307159353348728
0.3487986743993372 0.24307159353348728
0.3485099337748344 0.24307159353348728
0.3490488006617039 0.24364896073903003
0.3487603305785124 0.24364896073903003
0.34847233691164325 0.24364896073903003
0.3481848184818482 0.24364896073903003
0.34872217642209397 0.24422632794457275
0.3484349258649094 0.24422632794457275
0.34814814814814815 0.24422632794457275
0.34786184210526316 0.24422632794457275
0.3483976992604766 0.24480369515011546
0.34811165845648606 0.24480369515011546
0.34782608695652173 0.24480369515011546
0.3475409836065574 0.24480369515011546
0.34725634725634724 0.24480369515011546
0.34779050736497547 0.2453810623556582
0.3475061324611611 0.2453810623556582
0.3472222222222222 0.2453810623556582
0.34775510204081633 0.24595842956120093
0.3474714518760196 0.24595842956120093
0.3471882640586797 0.24595842956120093
0.3469055374592834 0.24595842956120093
0.34662327095199347 0.24595842956120093
0.3463414634146341 0.24595842956120093
0.3460601137286759 0.24595842956120093
0.3465909090909091 0.24653579676674364
0.34630981346309814 0.24653579676674364
0.3460291734197731 0.24653579676674364
0.345748987854251 0.24653579676674364
0.3454692556634304 0.24653579676674364
0.3459983831851253 0.2471131639722864
0.345718901453958 0.2471131639722864
0.3454398708635997 0.2471131639722864
0.34516129032258064 0.2471131639722864
0.34568896051571313 0.2476905311778291
0.3462157809983897 0.24826789838337182
0.34593724859211583 0.24826789838337182
0.34565916398713825 0.24826789838337182
0.3453815261044177 0.24826789838337182
0.34590690208667735 0.24884526558891454
0.34562951082598237 0.24884526558891454
0.34615384615384615 0.24942263279445728
0.3466773418734988 0.25
0.3464 0.25
0.3469224620303757 0.25057736720554274
0.3466453674121406 0.25057736720554274
0.3463687150837989 0.25057736720554274
0.34609250398724084 0.25057736720554274
0.3466135458167331 0.25115473441108543
0.3463375796178344 0.25115473441108543
0.34685759745425615 0.2517321016166282
0.34737678855325915 0.2523094688221709
0.34789515488482925 0.2528868360277136
0.3476190476190476 0.2528868360277136
0.3473433782712133 0.2528868360277136
0.347068145800317 0.2528868360277136
0.34679334916864607 0.2528868360277136
0.34651898734177217 0.2528868360277136
0.34624505928853755 0.2528868360277136
0.3467614533965245 0.25346420323325636
0.34648776637726914 0.25346420323325636
0.3462145110410095 0.25346420323325636
0.3459416863672183 0.25346420323325636
0.3464566929133858 0.2540415704387991
0.34697088906372936 0.2546189376443418
0.3466981132075472 0.2546189376443418
0.34642576590730556 0.2546189376443418
0.34615384615384615 0.2546189376443418
0.3466666666666667 0.25519630484988454
0.3463949843260188 0.25519630484988454
0.346123727486296 0.25519630484988454
0.3458528951486698 0.25519630484988454
0.3455824863174355 0.25519630484988454
0.34609375 0.2557736720554272
0.34582357533177205 0.2557736720554272
0.3455538221528861 0.2557736720554272
0.34528448947778645 0.2557736720554272
0.34501557632398755 0.2557736720554272
0.34474708171206225 0.2557736720554272
0.34447900466562986 0.2557736720554272
0.34498834498834496 0.25635103926096997
0.3447204968944099 0.25635103926096997
0.34445306439100076 0.25635103926096997
0.34418604651162793 0.25635103926096997
0.3439194422927963 0.25635103926096997
0.34365325077399383 0.25635103926096997
0.34416086620262953 0.2569284064665127
0.3446676970633694 0.2575057736720554
0.3444015444015444 0.2575057736720554
0.3441358024691358 0.2575057736720554
0.3438704703161141 0.2575057736720554
0.3436055469953775 0.2575057736720554
0.3433410315627406 0.2575057736720554
0.34307692307692306 0.2575057736720554
0.34281322059953884 0.2575057736720554
0.3425499231950845 0.2575057736720554
0.34228702993092863 0.2575057736720554
0.34202453987730064 0.2575057736720554
0.3417624521072797 0.2575057736720554
0.34150076569678406 0.2575057736720554
0.34123947972456004 0.2575057736720554
0.3409785932721712 0.2575057736720554
0.3407181054239878 0.2575057736720554
0.34045801526717556 0.2575057736720554
0.34019832189168575 0.2575057736720554
0.3399390243902439 0.2575057736720554
0.3396801218583397 0.2575057736720554
0.3394216133942161 0.2575057736720554
0.3391634980988593 0.2575057736720554
0.33966565349544076 0.25808314087759815
0.33940774487471526 0.25808314087759815
0.33915022761760244 0.25808314087759815
0.3388931008339651 0.25808314087759815
0.3386363636363636 0.25808314087759815
0.3383800151400454 0.25808314087759815
0.3381240544629349 0.25808314087759815
0.3378684807256236 0.25808314087759815
0.3376132930513595 0.25808314087759815
0.3373584905660377 0.25808314087759815
0.33710407239819007 0.25808314087759815
0.33760361718161264 0.2586605080831409
0.3373493975903614 0.2586605080831409
0.3378480060195636 0.2592378752886836
0.337593984962406 0.2592378752886836
0.3373403456048084 0.2592378752886836
0.33708708708708707 0.2592378752886836
0.336834208552138 0.2592378752886836
0.3365817091454273 0.2592378752886836
0.33707865168539325 0.25981524249422633
0.33682634730538924 0.25981524249422633
0.3365744203440538 0.25981524249422633
0.336322869955157 0.25981524249422633
0.33607169529499625 0.25981524249422633
0.3358208955223881 0.25981524249422633
0.33557046979865773 0.25981524249422633
0.3353204172876304 0.25981524249422633
0.33581533879374537 0.2603926096997691
0.33556547619047616 0.2603926096997691
0.3353159851301115 0.2603926096997691
0.3350668647845468 0.2603926096997691
0.3348181143281366 0.2603926096997691
0.3353115727002967 0.26096997690531176
0.335063009636768 0.26096997690531176
0.3348148148148148 0.26096997690531176
0.33456698741672836 0.26096997690531176
0.3343195266272189 0.26096997690531176
0.3340724316334072 0.26096997690531176
0.33382570162481534 0.26096997690531176
0.3335793357933579 0.26096997690531176
0.3333333333333333 0.26096997690531176
0.3338246131171702 0.2615473441108545
0.3335787923416789 0.2615473441108545
0.3333333333333333 0.2615473441108545
0.33308823529411763 0.2615473441108545
0.3328434974283615 0.2615473441108545
0.33259911894273125 0.2615473441108545
0.33235509904622157 0.2615473441108545
0.3321114369501466 0.2615473441108545
0.33186813186813185 0.2615473441108545
0.33162518301610544 0.2615473441108545
0.33138258961228967 0.2615473441108545
0.33187134502923976 0.26212471131639725
0.3316289262235208 0.26212471131639725
0.33211678832116787 0.26270207852193994
0.33187454412837347 0.26270207852193994
0.33163265306122447 0.26270207852193994
0.3313911143481428 0.26270207852193994
0.3311499272197962 0.26270207852193994
0.33090909090909093 0.26270207852193994
0.33066860465116277 0.26270207852193994
0.33042846768336964 0.26270207852193994
0.330188679245283 0.26270207852193994
0.3299492385786802 0.26270207852193994
0.33043478260869563 0.2632794457274827
0.33091962346125997 0.26385681293302543
0.3306801736613603 0.26385681293302543
0.3304410701373825 0.26385681293302543
0.3302023121387283 0.26385681293302543
0.32996389891696754 0.26385681293302543
0.33044733044733043 0.2644341801385681
0.3302090843547224 0.2644341801385681
0.329971181556196 0.2644341801385681
0.32973362131029516 0.2644341801385681
0.3294964028776978 0.2644341801385681
0.3299784327821711 0.26501154734411086
0.33045977011494254 0.26558891454965355
0.33022254127781764 0.26558891454965355
0.3299856527977044 0.26558891454965355
0.33046594982078853 0.2661662817551963
0.3302292263610315 0.2661662817551963
0.3299928418038654 0.2661662817551963
0.33047210300429186 0.26674364896073904
0.3302358827734096 0.26674364896073904
0.33 0.26674364896073904
0.3304782298358315 0.26732101616628173
0.3309557774607703 0.2678983833718245
0.33071988595866003 0.2678983833718245
0.33048433048433046 0.2678983833718245
0.3309608540925267 0.2684757505773672
0.3307254623044097 0.2684757505773672
0.3304904051172708 0.2684757505773672
0.3302556818181818 0.2684757505773672
0.3307310149041874 0.2690531177829099
0.3304964539007092 0.2690531177829099
0.33026222537207656 0.2690531177829099
0.330028328611898 0.2690531177829099
0.3305024769992923 0.26963048498845266
0.3302687411598303 0.26963048498845266
0.3300353356890459 0.26963048498845266
0.3298022598870056 0.26963048498845266
0.3302752293577982 0.2702078521939954
0.3300423131170663 0.2702078521939954
0.3298097251585624 0.2702078521939954
0.3295774647887324 0.2702078521939954
0.32934553131597466 0.2702078521939954
0.3291139240506329 0.2702078521939954
0.3288826423049895 0.2702078521939954
0.32865168539325845 0.2702078521939954
0.3291228070175439 0.2707852193995381
0.3288920056100982 0.2707852193995381
0.3286615276804485 0.2707852193995381
0.3291316526610644 0.27136258660508084
0.3289013296011197 0.27136258660508084
0.32867132867132864 0.27136258660508084
0.3284416491963662 0.27136258660508084
0.32891061452513964 0.2719399538106236
0.3286810886252617 0.2719399538106236
0.3284518828451883 0.2719399538106236
0.32822299651567943 0.2719399538106236
0.3279944289693593 0.2719399538106236
0.3277661795407098 0.2719399538106236
0.327538247566064 0.2719399538106236
0.3273106323835997 0.2719399538106236
0.3277777777777778 0.27251732101616627
0.3282442748091603 0.273094688221709
0.32801664355062415 0.273094688221709
0.3277893277893278 0.273094688221709
0.3275623268698061 0.273094688221709
0.3273356401384083 0.273094688221709
0.32710926694329184 0.273094688221709
0.32688320663441606 0.273094688221709
0.3266574585635359 0.273094688221709
0.32643202208419597 0.273094688221709
0.32620689655172413 0.273094688221709
0.32598208132322537 0.273094688221709
0.32575757575757575 0.273094688221709
0.32553337921541636 0.273094688221709
0.3253094910591472 0.273094688221709
0.325085910652921 0.273094688221709
0.3248626373626374 0.273094688221709
0.32463967055593684 0.273094688221709
0.3244170096021948 0.273094688221709
0.32419465387251545 0.273094688221709
0.323972602739726 0.273094688221709
0.32375085557837097 0.273094688221709
0.3235294117647059 0.273094688221709
0.3233082706766917 0.273094688221709
0.32308743169398907 0.273094688221709
0.3235494880546075 0.27367205542725176
0.32332878581173263 0.27367205542725176
0.3231083844580777 0.27367205542725176
0.3228882833787466 0.27367205542725176
0.32266848196051734 0.27367205542725176
0.3224489795918367 0.27367205542725176
0.3222297756628144 0.27367205542725176
0.3226902173913043 0.27424942263279445
0.3224711473183978 0.27424942263279445
0.32225237449118044 0.27424942263279445
0.3227118644067797 0.2748267898383372
0.3224932249322493 0.2748267898383372
0.3222748815165877 0.2748267898383372
0.32205683355886333 0.2748267898383372
0.3218390804597701 0.2748267898383372
0.3222972972972973 0.2754041570438799
0.32207967589466574 0.2754041570438799
0.32186234817813764 0.2754041570438799
0.32164531355360754 0.2754041570438799
0.32142857142857145 0.2754041570438799
0.3212121212121212 0.2754041570438799
0.32099596231493943 0.2754041570438799
0.32078009414929387 0.2754041570438799
0.32056451612903225 0.2754041570438799
0.3203492276695769 0.2754041570438799
0.3201342281879195 0.2754041570438799
0.3199195171026157 0.2754041570438799
0.31970509383378015 0.2754041570438799
0.31949095780308107 0.2754041570438799
0.3192771084337349 0.2754041570438799
0.31906354515050167 0.2754041570438799
0.31885026737967914 0.2754041570438799
0.3193052772211089 0.2759815242494226
0.3197596795727637 0.27655889145496537
0.31954636424282856 0.27655889145496537
0.31933333333333336 0.27655889145496537
0.31912058627581613 0.27655889145496537
0.3189081225033289 0.27655889145496537
0.3193612774451098 0.27713625866050806
0.31981382978723405 0.2777136258660508
0.3196013289036545 0.2777136258660508
0.3193891102257636 0.2777136258660508
0.31984074319840744 0.27829099307159355
0.3202917771883289 0.27886836027713624
0.32074221338634856 0.279445727482679
0.3205298013245033 0.279445727482679
0.3203176704169424 0.279445727482679
0.3201058201058201 0.279445727482679
0.3198942498347654 0.279445727482679
0.3203434610303831 0.28002309468822173
0.3201320132013201 0.28002309468822173
0.31992084432717677 0.28002309468822173
0.3197099538562953 0.28002309468822173
0.3194993412384717 0.28002309468822173
0.31928900592495063 0.28002309468822173
0.3190789473684211 0.28002309468822173
0.31886916502301116 0.28002309468822173
0.31865965834428384 0.28002309468822173
0.31910702560735393 0.2806004618937644
0.3188976377952756 0.2806004618937644
0.31868852459016395 0.2806004618937644
0.31847968545216254 0.2806004618937644
0.3182711198428291 0.2806004618937644
0.3180628272251309 0.2806004618937644
0.31785480706344016 0.2806004618937644
0.3183006535947712 0.28117782909930716
0.31809274983670804 0.28117782909930716
0.3178851174934726 0.28117782909930716
0.3176777560339204 0.28117782909930716
0.31747066492829207 0.28117782909930716
0.3172638436482085 0.28117782909930716
0.3170572916666667 0.28117782909930716
0.31685100845803515 0.28117782909930716
0.3166449934980494 0.28117782909930716
0.31643924626380765 0.28117782909930716
0.31623376623376626 0.28117782909930716
0.31602855288773524 0.28117782909930716
0.3158236057068742 0.28117782909930716
0.31561892417368764 0.28117782909930716
0.31541450777202074 0.28117782909930716
0.315210355987055 0.28117782909930716
0.315006468305304 0.28117782909930716
0.3148028442146089 0.28117782909930716
0.3152454780361757 0.2817551963048499
0.31504196255648803 0.2817551963048499
0.31483870967741934 0.2817551963048499
0.31463571889103803 0.2817551963048499
0.31507731958762886 0.2823325635103926
0.3155183515775918 0.28290993071593534
0.3153153153153153 0.28290993071593534
0.31511254019292606 0.28290993071593534
0.31555269922879176 0.2834872979214781
0.3153500321130379 0.2834872979214781
0.31514762516046213 0.2834872979214781
0.31494547787042976 0.2834872979214781
0.31474358974358974 0.2834872979214781
0.31518257527226134 0.2840646651270208
0.31562099871959026 0.2846420323325635
0.31541906589891233 0.2846420323325635
0.31521739130434784 0.2846420323325635
0.3150159744408946 0.2846420323325635
0.3148148148148148 0.2846420323325635
0.31461391193363114 0.2846420323325635
0.31505102040816324 0.2852193995381062
0.3148502230720204 0.2852193995381062
0.3146496815286624 0.2852193995381062
0.31444939528962446 0.2852193995381062
0.3142493638676845 0.2852193995381062
0.3140495867768595 0.2852193995381062
0.3138500635324015 0.2852193995381062
0.3136507936507936 0.2852193995381062
0.3134517766497462 0.2852193995381062
0.3132530120481928 0.2852193995381062
0.31368821292775667 0.28579676674364896
0.3134895503483217 0.28579676674364896
0.31329113924050633 0.28579676674364896
0.31309297912713474 0.28579676674364896
0.31289506953223767 0.28579676674364896
0.3133291219204043 0.2863741339491917
0.31313131313131315 0.2863741339491917
0.31293375394321765 0.2863741339491917
0.31273644388398486 0.2863741339491917
0.3125393824826717 0.2863741339491917
0.3123425692695214 0.2863741339491917
0.31214600377595975 0.2863741339491917
0.31257861635220124 0.2869515011547344
0.31238214959145194 0.2869515011547344
0.3121859296482412 0.2869515011547344
0.31198995605775265 0.2869515011547344
0.31179422835633624 0.2869515011547344
0.31159874608150473 0.2869515011547344
0.31140350877192985 0.2869515011547344
0.3118346900438322 0.28752886836027713
0.311639549436796 0.28752886836027713
0.31144465290806755 0.28752886836027713
0.31125 0.28752886836027713
0.31168019987507806 0.2881062355658199
0.3114856429463171 0.2881062355658199
0.3112913287585777 0.2881062355658199
0.3110972568578554 0.2881062355658199
0.31090342679127725 0.2881062355658199
0.3107098381070984 0.2881062355658199
0.3105164903546982 0.2881062355658199
0.31032338308457713 0.2881062355658199
0.3107520198881293 0.28868360277136257
0.3105590062111801 0.28868360277136257
0.31036623215394166 0.28868360277136257
0.3107940446650124 0.2892609699769053
0.3106013639181649 0.2892609699769053
0.3110285006195787 0.28983833718244806
0.31145510835913315 0.29041570438799075
0.3118811881188119 0.2909930715935335
0.3116883116883117 0.2909930715935335
0.311495673671199 0.2909930715935335
0.3113032736256949 0.2909930715935335
0.3111111111111111 0.2909930715935335
0.31153608883405304 0.29157043879907624
0.31134401972872994 0.29157043879907624
0.3111521873074553 0.29157043879907624
0.31096059113300495 0.29157043879907624
0.31076923076923074 0.29157043879907624
0.3105781057810578 0.29157043879907624
0.31038721573448064 0.29157043879907624
0.3101965601965602 0.29157043879907624
0.3106200122774708 0.2921478060046189
0.3104294478527607 0.2921478060046189
0.3102391171060699 0.2921478060046189
0.31004901960784315 0.2921478060046189
0.30985915492957744 0.2921478060046189
0.30966952264381886 0.2921478060046189
0.309480122324159 0.2921478060046189
0.3092909535452323 0.2921478060046189
0.3091020158827123 0.2921478060046189
0.3089133089133089 0.2921478060046189
0.3087248322147651 0.2921478060046189
0.30853658536585366 0.2921478060046189
0.30834856794637416 0.2921478060046189
0.3081607795371498 0.2921478060046189
0.30797321972002434 0.2921478060046189
0.3083941605839416 0.29272517321016167
0.3082066869300912 0.29272517321016167
0.3080194410692588 0.29272517321016167
0.30783242258652094 0.29272517321016167
0.30764563106796117 0.29272517321016167
0.3074590661006671 0.29272517321016167
0.30727272727272725 0.29272517321016167
0.30708661417322836 0.29272517321016167
0.3069007263922518 0.29272517321016167
0.30671506352087113 0.29272517321016167
0.30713422007255137 0.29330254041570436
0.30694864048338366 0.29330254041570436
0.30676328502415456 0.29330254041570436
0.30657815328907667 0.29330254041570436
0.30639324487334135 0.29330254041570436
0.30620855937311636 0.29330254041570436
0.3060240963855422 0.29330254041570436
0.30583985550872966 0.29330254041570436
0.3056558363417569 0.29330254041570436
0.30547203848466625 0.29330254041570436
0.30528846153846156 0.29330254041570436
0.3051051051051051 0.29330254041570436
0.304921968787515 0.29330254041570436
0.3047390521895621 0.29330254041570436
0.30455635491606714 0.29330254041570436
0.3043738765727981 0.29330254041570436
0.30419161676646705 0.29330254041570436
0.3040095751047277 0.29330254041570436
0.3038277511961722 0.29330254041570436
0.30364614465032874 0.29330254041570436
0.3034647550776583 0.29330254041570436
0.30328358208955225 0.29330254041570436
0.3031026252983294 0.29330254041570436
0.30292188431723316 0.29330254041570436
0.30274135876042907 0.29330254041570436
0.30315664085765337 0.2938799076212471
0.30297619047619045 0.2938799076212471
0.30279595478881616 0.2938799076212471
0.30261593341260407 0.2938799076212471
0.3024361259655377 0.2938799076212471
0.3022565320665083 0.2938799076212471
0.3020771513353116 0.2938799076212471
0.30189798339264534 0.2938799076212471
0.3017190278601067 0.2938799076212471
0.3015402843601896 0.2938799076212471
0.30136175251628183 0.2938799076212471
0.30118343195266273 0.2938799076212471
0.3010053222945003 0.2938799076212471
0.3008274231678487 0.2938799076212471
0.3006497341996456 0.2938799076212471
0.3004722550177096 0.2938799076212471
0.30029498525073745 0.2938799076212471
0.3007075471698113 0.29445727482678985
0.30111962286387745 0.29503464203233254
0.30094228504122494 0.29503464203233254
0.3007651559741024 0.29503464203233254
0.30058823529411766 0.29503464203233254
0.3004115226337449 0.29503464203233254
0.300235017626322 0.29503464203233254
0.30005871990604815 0.29503464203233254
0.29988262910798125 0.29503464203233254
0.29970674486803517 0.29503464203233254
0.2995310668229777 0.29503464203233254
0.29994141769185706 0.2956120092378753
0.3003512880562061 0.29618937644341803
0.30017554125219426 0.29618937644341803
0.3 0.29618937644341803
0.2998246639392168 0.29618937644341803
0.2996495327102804 0.29618937644341803
0.29947460595446584 0.29618937644341803
0.2998833138856476 0.2967667436489607
0.30029154518950435 0.29734411085450346
0.30011655011655014 0.29734411085450346
0.29994175888177055 0.29734411085450346
0.29976717112922 0.29734411085450346
0.2995927865037813 0.29734411085450346
0.29941860465116277 0.29734411085450346
0.2992446252178966 0.29734411085450346
0.29907084785133564 0.29734411085450346
0.2988972721996518 0.29734411085450346
0.29872389791183296 0.29734411085450346
0.2985507246376812 0.29734411085450346
0.29837775202781 0.29734411085450346
0.29820497973364213 0.29734411085450346
0.2980324074074074 0.29734411085450346
0.29786003470213995 0.29734411085450346
0.2976878612716763 0.29734411085450346
0.2975158867706528 0.29734411085450346
0.29734411085450346 0.29734411085450346
0.2971725331794576 0.29734411085450346
0.29700115340253747 0.29734411085450346
0.2968299711815562 0.29734411085450346
0.29723502304147464 0.2979214780600462
0.2970639032815199 0.2979214780600462
0.2974683544303797 0.2984988452655889
0.2972972972972973 0.2984988452655889
0.2971264367816092 0.2984988452655889
0.29695577254451466 0.2984988452655889
0.2967853042479908 0.2984988452655889
0.2966150315547906 0.2984988452655889
0.29644495412844035 0.2984988452655889
0.2968481375358166 0.29907621247113164
0.29667812142038946 0.29907621247113164
0.296508299942759 0.29907621247113164
0.2963386727688787 0.29907621247113164
0.2967409948542024 0.2996535796766744
0.2965714285714286 0.2996535796766744
0.2964020559680183 0.2996535796766744
0.2962328767123288 0.2996535796766744
0.29606389047347403 0.2996535796766744
0.29646522234891676 0.3002309468822171
0.2962962962962963 0.3002309468822171
0.296127562642369 0.3002309468822171
0.29595902105862265 0.3002309468822171
0.29579067121729236 0.3002309468822171
0.2956225127913587 0.3002309468822171
0.29545454545454547 0.3002309468822171
0.29528676888131744 0.3002309468822171
0.29511918274687854 0.3002309468822171
0.2949517867271696 0.3002309468822171
0.2947845804988662 0.3002309468822171
0.29461756373937675 0.3002309468822171
0.29501698754246886 0.3008083140877598
0.29485002829654783 0.3008083140877598
0.29468325791855204 0.3008083140877598
0.29451667608818544 0.3008083140877598
0.2943502824858757 0.3008083140877598
0.2941840767927724 0.3008083140877598
0.29401805869074493 0.3008083140877598
0.29385222786238013 0.3008083140877598
0.29368658399098085 0.3008083140877598
0.29408450704225353 0.30138568129330257
0.2939189189189189 0.30138568129330257
0.29375351716375914 0.30138568129330257
0.29358830146231724 0.30138568129330257
0.2934232715008432 0.30138568129330257
0.2932584269662921 0.30138568129330257
0.29309376754632227 0.30138568129330257
0.29292929292929293 0.30138568129330257
0.2927650028042625 0.30138568129330257
0.29260089686098656 0.30138568129330257
0.292436974789916 0.30138568129330257
0.29227323628219487 0.30138568129330257
0.2921096810296586 0.30138568129330257
0.29194630872483224 0.30138568129330257
0.2917831190609279 0.30138568129330257
0.2916201117318436 0.30138568129330257
0.29201563372417644 0.30196304849884525
0.29185267857142855 0.30196304849884525
0.2916899051868377 0.30196304849884525
0.2915273132664437 0.30196304849884525
0.2913649025069638 0.30196304849884525
0.29120267260579064 0.30196304849884525
0.29104062326099056 0.30196304849884525
0.29087875417130143 0.30196304849884525
0.2907170650361312 0.30196304849884525
0.29055555555555557 0.30196304849884525
0.2903942254303165 0.30196304849884525
0.2902330743618202 0.30196304849884525
0.29007210205213535 0.30196304849884525
0.28991130820399114 0.30196304849884525
0.2897506925207756 0.30196304849884525
0.28959025470653377 0.30196304849884525
0.2894299944659657 0.30196304849884525
0.28926991150442477 0.30196304849884525
0.2896627971254837 0.302540415704388
0.28950276243093925 0.302540415704388
0.28934290447266703 0.302540415704388
0.2891832229580574 0.302540415704388
0.28957528957528955 0.3031177829099307
0.28996692392502754 0.30369515011547343
0.2898071625344353 0.30369515011547343
0.289647577092511 0.30369515011547343
0.2894881673087507 0.30369515011547343
0.2893289328932893 0.30369515011547343
0.2891698735568994 0.30369515011547343
0.289010989010989 0.30369515011547343
0.28885227896760024 0.30369515011547343
0.28869374313940727 0.30369515011547343
0.2885353812397148 0.30369515011547343
0.2883771929824561 0.30369515011547343
0.2882191780821918 0.30369515011547343
0.28806133625410735 0.30369515011547343
0.28790366721401206 0.30369515011547343
0.28774617067833697 0.30369515011547343
0.2875888463641334 0.30369515011547343
0.28743169398907104 0.30369515011547343
0.2872747132714364 0.30369515011547343
0.2876637554585153 0.3042725173210162
0.287506819421713 0.3042725173210162
0.28735005452562706 0.3042725173210162
0.28719346049046324 0.3042725173210162
0.28703703703703703 0.3042725173210162
0.2868807838867719 0.3042725173210162
0.2867247007616975 0.3042725173210162
0.2865687873844481 0.3042725173210162
0.28641304347826085 0.3042725173210162
0.28625746876697444 0.3042725173210162
0.28610206297502716 0.3042725173210162
0.28594682582745523 0.3042725173210162
0.2857917570498915 0.3042725173210162
0.2856368563685637 0.3042725173210162
0.2854821235102925 0.3042725173210162
0.2853275582024905 0.3042725173210162
0.2851731601731602 0.3042725173210162
0.2855597620335316 0.30484988452655887
0.28594594594594597 0.3054272517321016
0.2857914640734738 0.3054272517321016
0.28563714902807774 0.3054272517321016
0.2854830005396654 0.3054272517321016
0.2853290183387271 0.3054272517321016
0.28517520215633424 0.3054272517321016
0.28502155172413796 0.3054272517321016
0.28486806677436727 0.3054272517321016
0.2847147470398278 0.3054272517321016
0.28456159225389993 0.3054272517321016
0.28440860215053765 0.3054272517321016
0.28425577646426653 0.3054272517321016
0.2841031149301826 0.3054272517321016
0.2844873859366613 0.30600461893764436
0.28487124463519314 0.30658198614318705
0.2847184986595174 0.30658198614318705
0.28510182207931406 0.3071593533487298
0.2849491162292448 0.3071593533487298
0.284796573875803 0.3071593533487298
0.2846441947565543 0.3071593533487298
0.28449197860962566 0.3071593533487298
0.2843399251737039 0.3071593533487298
0.2847222222222222 0.30773672055427254
0.2845702082221036 0.30773672055427254
0.28441835645677693 0.30773672055427254
0.2848 0.3083140877598152
0.285181236673774 0.30889145496535797
0.2850293020777837 0.30889145496535797
0.284877529286475 0.30889145496535797
0.2852581160191591 0.3094688221709007
0.2851063829787234 0.3094688221709007
0.28495481127060074 0.3094688221709007
0.28533475026567484 0.3100461893764434
0.2851832182687201 0.3100461893764434
0.28503184713375795 0.3100461893764434
0.28488063660477453 0.3100461893764434
0.28472958642629903 0.3100461893764434
0.2845786963434022 0.3100461893764434
0.2844279661016949 0.3100461893764434
0.2842773954473266 0.3100461893764434
0.2841269841269841 0.3100461893764434
0.28397673188789 0.3100461893764434
0.28382663847780126 0.3100461893764434
0.2836767036450079 0.3100461893764434
0.28352692713833155 0.3100461893764434
0.283377308707124 0.3100461893764434
0.28322784810126583 0.3100461893764434
0.283078545071165 0.3100461893764434
0.2829293993677555 0.3100461893764434
0.28278041074249605 0.3100461893764434
0.2826315789473684 0.3100461893764434
0.2824829037348764 0.3100461893764434
0.2823343848580442 0.3100461893764434
0.28271150814503415 0.31062355658198615
0.28256302521008403 0.31062355658198615
0.2824146981627297 0.31062355658198615
0.28226652675760755 0.31062355658198615
0.2821185107498689 0.31062355658198615
0.28197064989517817 0.31062355658198615
0.2818229439497119 0.31062355658198615
0.28167539267015707 0.31062355658198615
0.2815279958137101 0.31062355658198615
0.2813807531380753 0.31062355658198615
0.2812336644014637 0.31062355658198615
0.28108672936259144 0.31062355658198615
0.2809399477806789 0.31062355658198615
0.2807933194154488 0.31062355658198615
0.2806468440271257 0.31062355658198615
0.2805005213764338 0.31062355658198615
0.2803543512245961 0.31062355658198615
0.28020833333333334 0.31062355658198615
0.2800624674648621 0.31062355658198615
0.27991675338189387 0.31062355658198615
0.2797711908476339 0.31062355658198615
0.2796257796257796 0.31062355658198615
0.2794805194805195 0.31062355658198615
0.2793354101765317 0.31062355658198615
0.27970939283860924 0.3112009237875289
0.2795643153526971 0.3112009237875289
0.279419388284085 0.3112009237875289
0.27927461139896376 0.3112009237875289
0.2791299844640083 0.3112009237875289
0.27898550724637683 0.3112009237875289
0.27884117951370924 0.3112009237875289
0.2792140641158221 0.3117782909930716
0.27906976744186046 0.3117782909930716
0.27892561983471076 0.3117782909930716
0.27878162106350024 0.3117782909930716
0.2786377708978328 0.3117782909930716
0.2784940691077875 0.3117782909930716
0.27835051546391754 0.3117782909930716
0.2782071097372488 0.3117782909930716
0.2780638516992791 0.3117782909930716
0.27792074112197634 0.3117782909930716
0.27829218106995884 0.3123556581986143
0.2781491002570694 0.3123556581986143
0.27800616649537513 0.3123556581986143
0.2778633795582948 0.3123556581986143
0.2777207392197125 0.3123556581986143
0.2775782452539764 0.3123556581986143
0.2774358974358974 0.3123556581986143
0.27729369554074834 0.3123556581986143
0.2771516393442623 0.3123556581986143
0.27700972862263185 0.3123556581986143
0.27686796315250767 0.3123556581986143
0.27672634271099744 0.3123556581986143
0.2765848670756646 0.3123556581986143
0.2764435360245273 0.3123556581986143
0.2763023493360572 0.3123556581986143
0.27616130678917816 0.3123556581986143
0.2760204081632653 0.3123556581986143
0.2758796532381438 0.3123556581986143
0.27573904179408765 0.3123556581986143
0.27559857361181866 0.3123556581986143
0.2754582484725051 0.3123556581986143
0.27531806615776083 0.3123556581986143
0.27517802644964395 0.3123556581986143
0.27503812913065584 0.3123556581986143
0.27540650406504064 0.312933025404157
0.27526663280853225 0.312933025404157
0.2751269035532995 0.312933025404157
0.2749873160832065 0.312933025404157
0.2748478701825558 0.312933025404157
0.2747085656360872 0.312933025404157
0.2750759878419453 0.31351039260969976
0.2749367088607595 0.31351039260969976
0.27479757085020245 0.31351039260969976
0.2746585735963581 0.31351039260969976
0.27451971688574317 0.31351039260969976
0.2743810005053057 0.31351039260969976
0.27424242424242423 0.31351039260969976
0.2741039878849066 0.31351039260969976
0.2739656912209889 0.31351039260969976
0.27433182047402926 0.3140877598152425
0.27419354838709675 0.3140877598152425
0.2740554156171285 0.3140877598152425
0.27391742195367574 0.3140877598152425
0.27377956718671365 0.3140877598152425
0.27364185110663986 0.3140877598152425
0.2740070387129211 0.3146651270207852
0.27386934673366836 0.3146651270207852
0.2737317930688096 0.3146651270207852
0.2735943775100402 0.3146651270207852
0.27395885599598596 0.31524249422632794
0.27432296890672014 0.3158198614318707
0.27418546365914787 0.3158198614318707
0.2740480961923848 0.3158198614318707
0.27441161742613923 0.3163972286374134
0.27427427427427425 0.3163972286374134
0.2741370685342671 0.3163972286374134
0.274 0.3163972286374134
